,genotype,fitness,mapping_values,tree_depth,phenotype,other_info
0,"[[0], [0, 1, 0, 1, 3, 0], [3, 2, 1, 1], [3, 2, 1], [0, 0], [0, 0], [0, 0, 0], [0, 0, 0], [0, 2, 0, 2, 3, 1, 2, 1, 2, 4, 7, 2, 4, 9, 4, 8, 3, 7]]",0.009026739751104415,"[1, 5, 2, 2, 1, 0, 3, 2, 18]",7,0.020+(((_sig_(0.231*(x[0]-21.24))))|_div_|(((_exp_((x[0]-72.49)|_div_|48.37)))*(x[0]))),"{'generation': 0, 'evals': 1, 'test_error': 0.0}"
1,"[[0], [0, 1, 0, 1, 3, 1], [3, 2, 1, 1], [3, 1], [0, 0], [0, 0], [0, 0, 0], [0, 0, 0], [0, 2, 0, 2, 3, 1, 2, 1, 2, 9, 7, 3, 0, 9, 6, 0, 8, 2]]",0.009411940822948087,"[1, 5, 2, 2, 1, 0, 3, 2, 18]",7,0.020+(((_sig_(0.231*(x[0]-21.29))))|_div_|(((_exp_((x[0]-73.09)|_div_|60.82)))*(x[0]))),"{'generation': 0, 'evals': 1, 'test_error': 0.0}"
2,"[[0], [0, 1, 0, 1, 3, 0], [3, 2, 1, 1], [3, 1], [0, 0], [0, 0], [0, 0, 0], [0, 0, 0, 0], [0, 2, 3, 2, 3, 4, 2, 1, 0, 4, 7, 1, 2, 2, 6, 3, 3, 7]]",0.009460403457972152,"[1, 5, 2, 2, 1, 0, 3, 2, 18]",7,0.023+(((_sig_(0.234*(x[0]-21.04))))|_div_|(((_exp_((x[0]-71.22)|_div_|63.37)))*(x[0]))),"{'generation': 0, 'evals': 1, 'test_error': 0.0}"
3,"[[0], [0, 1, 0, 1, 2, 0], [3, 2, 1, 1], [3, 1, 3], [0, 0, 0, 0, 0], [0, 0], [0, 0, 0, 0], [0, 0, 0], [0, 1, 5, 2, 4, 4, 2, 1, 6, 5, 7, 4, 5, 2, 3, 5, 2, 8, 4, 2, 9, 4]]",0.009501155602707211,"[1, 5, 2, 2, 0, 0, 4, 2, 22]",7,0.015+(((_sig_(0.244*(x[0]-21.65))))|_div_|(((_exp_((x[0]-74.52)|_div_|35.28)))*(42.94))),"{'generation': 0, 'evals': 1, 'test_error': 0.0}"
4,"[[0], [0, 1, 0, 1, 3, 0], [3, 2, 1, 1], [3, 2, 3, 1, 1], [0, 0], [0, 0], [0, 0, 0, 0, 0], [0, 0, 0, 0], [0, 2, 6, 2, 3, 4, 2, 1, 1, 0, 7, 1, 2, 2, 6, 3, 3, 7]]",0.009583447696926907,"[1, 5, 2, 2, 1, 0, 3, 2, 18]",7,0.026+(((_sig_(0.234*(x[0]-21.10))))|_div_|(((_exp_((x[0]-71.22)|_div_|63.37)))*(x[0]))),"{'generation': 0, 'evals': 1, 'test_error': 0.0}"
5,"[[0], [0, 1, 0, 1, 3, 0], [3, 2, 1, 1], [3, 2, 1], [0, 0], [0, 0], [0, 0, 0], [0, 0, 0], [0, 2, 0, 2, 2, 1, 2, 1, 2, 4, 7, 3, 4, 9, 4, 8, 5, 7]]",0.009770663486982661,"[1, 5, 2, 2, 1, 0, 3, 2, 18]",7,0.020+(((_sig_(0.221*(x[0]-21.24))))|_div_|(((_exp_((x[0]-73.49)|_div_|48.57)))*(x[0]))),"{'generation': 0, 'evals': 1, 'test_error': 0.0}"
6,"[[0], [0, 1, 0, 1, 3, 0], [3, 2, 2, 3, 3, 2, 2, 3], [3, 1], [0, 0], [0, 0], [0, 0, 0, 0, 0], [0, 0, 0, 0], [0, 2, 6, 2, 3, 6, 2, 1, 3, 4, 7, 1, 4, 9, 6, 8, 3, 7]]",0.009839868350414204,"[1, 5, 2, 2, 1, 0, 3, 2, 18]",7,0.026+(((_sig_(0.236*(x[0]-21.34))))|_div_|(((_exp_((x[0]-71.49)|_div_|68.37)))*(x[0]))),"{'generation': 0, 'evals': 1, 'test_error': 0.0}"
7,"[[0], [0, 1, 0, 1, 3, 0], [3, 2, 1, 1], [3, 1], [0, 0], [0, 0], [0, 0, 0], [0, 0, 0], [0, 2, 6, 2, 3, 6, 2, 1, 3, 0, 6, 3, 7, 9, 5, 8, 3, 7]]",0.010050578143178581,"[1, 5, 2, 2, 1, 0, 3, 2, 18]",7,0.026+(((_sig_(0.236*(x[0]-21.30))))|_div_|(((_exp_((x[0]-63.79)|_div_|58.37)))*(x[0]))),"{'generation': 0, 'evals': 1, 'test_error': 0.0}"
8,"[[0], [0, 1, 0, 1, 3, 0], [3, 2, 1, 1], [3, 2, 1], [0, 0], [0, 0], [0, 0, 0], [0, 0, 0, 0], [0, 2, 0, 2, 6, 4, 2, 1, 0, 6, 7, 5, 4, 0, 7, 0, 6, 5, 7, 5, 6, 2, 4, 0, 2, 9, 7, 7, 4, 2, 2, 0]]",0.010099109681479899,"[1, 5, 2, 2, 1, 0, 3, 2, 18]",7,0.020+(((_sig_(0.264*(x[0]-21.06))))|_div_|(((_exp_((x[0]-75.40)|_div_|70.65)))*(x[0]))),"{'generation': 0, 'evals': 1, 'test_error': 0.0}"
9,"[[0], [0, 1, 0, 1, 3, 0], [3, 2, 1, 1], [3, 2], [0, 0], [0, 0], [0, 0, 0], [0, 0, 0], [0, 2, 0, 2, 2, 8, 2, 1, 2, 4, 7, 1, 4, 9, 6, 3, 1, 2]]",0.010275752173603492,"[1, 5, 2, 2, 1, 0, 3, 2, 18]",7,0.020+(((_sig_(0.228*(x[0]-21.24))))|_div_|(((_exp_((x[0]-71.49)|_div_|63.12)))*(x[0]))),"{'generation': 0, 'evals': 1, 'test_error': 0.0}"
10,"[[0], [0, 1, 0, 1, 3, 0], [3, 2, 2], [3, 2, 1], [0, 0, 0], [0, 0], [0, 0, 0], [0, 0, 0], [0, 2, 3, 2, 7, 8, 2, 1, 1, 2, 7, 1, 4, 9, 7, 2, 9, 7]]",0.010456068430388089,"[1, 5, 2, 2, 1, 0, 3, 2, 18]",7,0.023+(((_sig_(0.278*(x[0]-21.12))))|_div_|(((_exp_((x[0]-71.49)|_div_|72.97)))*(x[0]))),"{'generation': 0, 'evals': 1, 'test_error': 0.0}"
11,"[[0], [0, 1, 0, 1, 3, 0], [3, 2, 2], [3, 2, 1], [0, 0], [0, 0], [0, 0, 0], [0, 0, 0], [0, 2, 2, 3, 7, 8, 2, 1, 7, 2, 9, 3, 5, 2, 7, 4, 9, 7]]",0.010501117064562566,"[1, 5, 2, 2, 1, 0, 3, 2, 18]",7,0.022+(((_sig_(0.378*(x[0]-21.72))))|_div_|(((_exp_((x[0]-93.52)|_div_|74.97)))*(x[0]))),"{'generation': 0, 'evals': 1, 'test_error': 0.0}"
12,"[[0], [0, 1, 0, 1, 3, 0], [3, 2, 2], [3, 2], [0, 0], [0, 0], [0, 0, 0], [0, 0, 0, 0], [0, 2, 3, 2, 8, 8, 2, 1, 1, 2, 7, 1, 4, 9, 7, 2, 9, 7]]",0.010507470807629838,"[1, 5, 2, 2, 1, 0, 3, 2, 18]",7,0.023+(((_sig_(0.288*(x[0]-21.12))))|_div_|(((_exp_((x[0]-71.49)|_div_|72.97)))*(x[0]))),"{'generation': 0, 'evals': 1, 'test_error': 0.0}"
13,"[[0], [0, 1, 0, 1, 3, 0], [3, 2, 2], [3, 2, 1], [0, 0, 0], [0, 0], [0, 0, 0], [0, 0, 0], [0, 2, 3, 3, 7, 8, 2, 1, 7, 2, 9, 1, 5, 6, 7, 4, 9, 7]]",0.01051352268295094,"[1, 5, 2, 2, 1, 0, 3, 2, 18]",7,0.023+(((_sig_(0.378*(x[0]-21.72))))|_div_|(((_exp_((x[0]-91.56)|_div_|74.97)))*(x[0]))),"{'generation': 0, 'evals': 1, 'test_error': 0.0}"
14,"[[0], [0, 1, 0, 1, 3, 0], [3, 2, 2], [3, 1, 1], [0, 0, 0], [0, 0], [0, 0, 0], [0, 0, 0], [0, 2, 3, 3, 7, 8, 2, 1, 7, 2, 9, 1, 7, 6, 7, 4, 9, 7]]",0.01054115805845763,"[1, 5, 2, 2, 1, 0, 3, 2, 18]",7,0.023+(((_sig_(0.378*(x[0]-21.72))))|_div_|(((_exp_((x[0]-91.76)|_div_|74.97)))*(x[0]))),"{'generation': 0, 'evals': 1, 'test_error': 0.0}"
15,"[[0], [0, 1, 0, 1, 3, 0], [3, 2, 1, 1], [3, 1], [0, 0], [0, 0], [0, 0, 0], [0, 0, 0], [0, 2, 0, 2, 6, 5, 2, 1, 2, 9, 7, 3, 0, 9, 6, 8, 8, 2]]",0.010565701315987589,"[1, 5, 2, 2, 1, 0, 3, 2, 18]",7,0.020+(((_sig_(0.265*(x[0]-21.29))))|_div_|(((_exp_((x[0]-73.09)|_div_|68.82)))*(x[0]))),"{'generation': 0, 'evals': 1, 'test_error': 0.0}"
16,"[[0], [0, 1, 0, 1, 3, 0], [3, 2, 2], [3, 1], [0, 0], [0, 0], [0, 0, 0], [0, 0, 0], [0, 2, 1, 2, 3, 6, 2, 1, 2, 4, 7, 1, 4, 9, 6, 8, 9, 7]]",0.010659888946674726,"[1, 5, 2, 2, 1, 0, 3, 2, 18]",7,0.021+(((_sig_(0.236*(x[0]-21.24))))|_div_|(((_exp_((x[0]-71.49)|_div_|68.97)))*(x[0]))),"{'generation': 0, 'evals': 1, 'test_error': 0.0}"
17,"[[0], [0, 1, 0, 1, 3, 0], [3, 2, 1, 1], [3, 1], [0, 0], [0, 0], [0, 0, 0], [0, 0, 0, 0], [0, 2, 5, 4, 0, 7, 2, 1, 9, 4, 7, 4, 9, 7, 7, 0, 8, 4, 7, 5, 6, 2, 4, 0, 2, 9, 7, 7, 4, 2, 2, 0]]",0.010757497681868719,"[1, 5, 2, 2, 1, 0, 3, 2, 18]",7,0.025+(((_sig_(0.407*(x[0]-21.94))))|_div_|(((_exp_((x[0]-74.97)|_div_|70.84)))*(x[0]))),"{'generation': 0, 'evals': 1, 'test_error': 0.0}"
18,"[[0], [0, 1, 0, 1, 3, 0], [3, 2, 1, 1], [3, 2, 1], [0, 0], [0, 0], [0, 0, 0], [0, 0, 0, 0], [0, 2, 2, 3, 1, 8, 2, 1, 7, 0, 9, 9, 5, 6, 7, 4, 6, 9]]",0.01083115722431192,"[1, 5, 2, 2, 1, 0, 3, 2, 18]",7,0.022+(((_sig_(0.318*(x[0]-21.70))))|_div_|(((_exp_((x[0]-99.56)|_div_|74.69)))*(x[0]))),"{'generation': 0, 'evals': 1, 'test_error': 0.0}"
19,"[[0], [0, 1, 0, 3, 1, 4, 0, 1, 0, 3, 0, 0, 3, 0, 3, 4, 3, 3], [3, 2, 1, 1], [3, 1, 1], [0, 0], [0, 0], [0, 0, 0], [0, 0, 0, 0], [0, 2, 4, 4, 0, 2, 2, 1, 2, 4, 7, 4, 9, 2, 7, 4, 8, 5, 7, 5, 6, 2, 4, 0, 2, 9, 7, 7, 4, 2, 2, 0]]",0.010843770180151943,"[1, 5, 2, 2, 1, 0, 3, 2, 18]",7,0.024+(((_sig_(0.402*(x[0]-21.24))))|_div_|((x[0])*((_exp_((x[0]-74.92)|_div_|74.85))))),"{'generation': 0, 'evals': 1, 'test_error': 0.0}"
20,"[[0], [0, 1, 0, 1, 3, 1], [3, 2, 1, 1], [3, 2, 1], [0, 0, 0, 0], [0, 0], [0, 0, 0], [0, 0, 0], [0, 2, 5, 3, 3, 1, 2, 1, 2, 6, 7, 2, 3, 9, 4, 8, 3, 8, 9, 9, 4, 8]]",0.010863706224453956,"[1, 5, 2, 2, 1, 0, 3, 2, 18]",7,0.025+(((_sig_(0.331*(x[0]-21.26))))|_div_|(((_exp_((x[0]-72.39)|_div_|48.38)))*(x[0]))),"{'generation': 0, 'evals': 1, 'test_error': 0.0}"
21,"[[0], [0, 1, 0, 1, 3, 0], [3, 2, 1, 1], [3, 2], [0, 0], [0, 0], [0, 0, 0], [0, 0, 0], [0, 2, 0, 2, 2, 8, 2, 1, 2, 4, 7, 1, 4, 9, 6, 7, 1, 2]]",0.010906475242070921,"[1, 5, 2, 2, 1, 0, 3, 2, 18]",7,0.020+(((_sig_(0.228*(x[0]-21.24))))|_div_|(((_exp_((x[0]-71.49)|_div_|67.12)))*(x[0]))),"{'generation': 0, 'evals': 1, 'test_error': 0.0}"
22,"[[0], [0, 1, 0, 1, 3, 0], [3, 2, 1, 1], [3, 2, 1], [0, 0], [0, 0], [0, 0, 0], [0, 0, 0, 0], [0, 2, 8, 2, 3, 7, 2, 1, 8, 4, 7, 6, 4, 1, 8, 4, 5, 6]]",0.010962231675209324,"[1, 5, 2, 2, 1, 0, 3, 2, 18]",7,0.028+(((_sig_(0.237*(x[0]-21.84))))|_div_|(((_exp_((x[0]-76.41)|_div_|84.56)))*(x[0]))),"{'generation': 0, 'evals': 1, 'test_error': 0.0}"
23,"[[0], [0, 1, 0, 1, 3, 0], [3, 2, 2], [3, 1], [0, 0], [0, 0], [0, 0, 0], [0, 0, 0], [0, 2, 0, 2, 3, 6, 2, 1, 2, 4, 7, 1, 4, 9, 6, 8, 3, 7]]",0.01098671918426089,"[1, 5, 2, 2, 1, 0, 3, 2, 18]",7,0.020+(((_sig_(0.236*(x[0]-21.24))))|_div_|(((_exp_((x[0]-71.49)|_div_|68.37)))*(x[0]))),"{'generation': 0, 'evals': 1, 'test_error': 0.0}"
24,"[[0], [0, 1, 0, 1, 3, 0], [3, 2, 1, 1], [3, 1], [0, 0], [0, 0], [0, 0, 0], [0, 0, 0], [0, 2, 0, 2, 3, 4, 2, 1, 2, 4, 7, 1, 4, 9, 6, 8, 3, 7]]",0.011009425991865206,"[1, 5, 2, 2, 1, 0, 3, 2, 18]",7,0.020+(((_sig_(0.234*(x[0]-21.24))))|_div_|(((_exp_((x[0]-71.49)|_div_|68.37)))*(x[0]))),"{'generation': 0, 'evals': 1, 'test_error': 0.0}"
25,"[[0], [0, 1, 0, 1, 3, 0], [3, 2, 2, 3, 3, 2, 2, 3], [3, 2, 3, 1, 1], [0, 0], [0, 0], [0, 0, 0, 0, 0], [0, 0, 0, 0], [0, 2, 0, 2, 1, 4, 2, 1, 0, 6, 7, 5, 4, 0, 7, 2, 6, 5, 7, 5, 6, 2, 4, 0, 2, 9, 7, 7, 4, 2, 2, 0]]",0.011030524956099859,"[1, 5, 2, 2, 1, 0, 3, 2, 18]",7,0.020+(((_sig_(0.214*(x[0]-21.06))))|_div_|(((_exp_((x[0]-75.40)|_div_|72.65)))*(x[0]))),"{'generation': 0, 'evals': 1, 'test_error': 0.0}"
26,"[[0], [0, 1, 0, 1, 3, 0], [3, 2, 2, 3, 3], [3, 1], [0, 0], [0, 0], [0, 0, 0, 0], [0, 0, 0], [0, 2, 0, 3, 5, 1, 2, 1, 9, 4, 7, 8, 6, 6, 7, 3, 3, 8]]",0.011048385527724651,"[1, 5, 2, 2, 1, 0, 3, 2, 18]",7,0.020+(((_sig_(0.351*(x[0]-21.94))))|_div_|(((_exp_((x[0]-78.66)|_div_|73.38)))*(x[0]))),"{'generation': 0, 'evals': 1, 'test_error': 0.0}"
27,"[[0], [0, 1, 0, 1, 3, 0], [3, 2, 2, 3, 3], [3, 2], [0, 0], [0, 0], [0, 0, 0, 0], [0, 0, 0], [0, 2, 0, 3, 5, 3, 2, 1, 9, 2, 7, 8, 6, 6, 7, 3, 3, 8]]",0.011052361540949114,"[1, 5, 2, 2, 1, 0, 3, 2, 18]",7,0.020+(((_sig_(0.353*(x[0]-21.92))))|_div_|(((_exp_((x[0]-78.66)|_div_|73.38)))*(x[0]))),"{'generation': 0, 'evals': 1, 'test_error': 0.0}"
28,"[[0], [0, 1, 0, 3, 1, 4, 0, 1, 0, 3, 0, 0, 3, 0, 3, 4, 3, 3], [3, 2, 2, 3, 3, 2, 2, 3], [3, 1], [0, 0, 0, 0, 0], [0, 0], [0, 0, 0], [0, 0, 0], [0, 3, 0, 2, 6, 2, 2, 3, 3, 4, 6, 5, 2, 9, 6, 1, 7, 9]]",0.01105317431148017,"[1, 5, 2, 2, 1, 0, 3, 2, 18]",7,0.030+(((_sig_(0.262*(x[0]-23.34))))|_div_|((x[0])*((_exp_((x[0]-65.29)|_div_|61.79))))),"{'generation': 0, 'evals': 1, 'test_error': 0.0}"
29,"[[0], [0, 1, 0, 1, 3, 0], [3, 2, 1, 1], [3, 1, 1], [0, 0], [0, 0], [0, 0, 0], [0, 0, 0, 0], [0, 3, 0, 2, 3, 0, 2, 1, 4, 9, 7, 3, 0, 9, 6, 6, 8, 2]]",0.011055334241928592,"[1, 5, 2, 2, 1, 0, 3, 2, 18]",7,0.030+(((_sig_(0.230*(x[0]-21.49))))|_div_|(((_exp_((x[0]-73.09)|_div_|66.82)))*(x[0]))),"{'generation': 0, 'evals': 1, 'test_error': 0.0}"
30,"[[0], [0, 1, 0, 1, 3], [3, 2, 1, 1], [3, 1, 1], [0, 0], [0, 0], [0, 0, 0], [0, 0, 0, 0], [0, 3, 0, 2, 5, 7, 2, 3, 6, 1, 6, 5, 9, 9, 6, 1, 7, 9]]",0.011106934054277784,"[1, 5, 2, 2, 1, 0, 3, 2, 18]",7,0.030+(((_sig_(0.257*(x[0]-23.61))))|_div_|(((_exp_((x[0]-65.99)|_div_|61.79)))*(x[0]))),"{'generation': 0, 'evals': 1, 'test_error': 0.0}"
31,"[[0], [0, 1, 0, 1, 3, 0], [3, 2, 1, 1], [3, 1], [0, 0], [0, 0], [0, 0, 0], [0, 0, 0], [0, 2, 9, 2, 3, 3, 2, 4, 6, 2, 7, 6, 4, 1, 6, 8, 3, 7]]",0.01116930745885577,"[1, 5, 2, 2, 1, 0, 3, 2, 18]",7,0.029+(((_sig_(0.233*(x[0]-24.62))))|_div_|(((_exp_((x[0]-76.41)|_div_|68.37)))*(x[0]))),"{'generation': 0, 'evals': 1, 'test_error': 0.0}"
32,"[[0], [0, 1, 0, 1, 3, 0], [3, 2, 1, 1], [3, 2, 1], [0, 0], [0, 0], [0, 0, 0], [0, 0, 0, 0], [0, 3, 0, 2, 7, 7, 2, 0, 5, 8, 7, 4, 4, 8, 7, 3, 0, 0]]",0.011175842259749161,"[1, 5, 2, 2, 1, 0, 3, 2, 18]",7,0.030+(((_sig_(0.277*(x[0]-20.58))))|_div_|(((_exp_((x[0]-74.48)|_div_|73.00)))*(x[0]))),"{'generation': 0, 'evals': 1, 'test_error': 0.0}"
33,"[[0], [0, 1, 0, 1, 3, 0], [3, 2, 1, 1], [3, 1], [0, 0], [0, 0], [0, 0, 0], [0, 0, 0], [0, 2, 9, 2, 3, 3, 2, 4, 6, 4, 7, 6, 4, 9, 6, 8, 3, 7]]",0.01117690938105384,"[1, 5, 2, 2, 1, 0, 3, 2, 18]",7,0.029+(((_sig_(0.233*(x[0]-24.64))))|_div_|(((_exp_((x[0]-76.49)|_div_|68.37)))*(x[0]))),"{'generation': 0, 'evals': 1, 'test_error': 0.0}"
34,"[[0], [0, 1, 0, 1, 3, 0], [3, 2, 1, 1], [3, 1, 1], [0, 0], [0, 0], [0, 0, 0, 0, 0], [0, 0, 0, 0], [0, 2, 5, 2, 1, 3, 2, 4, 9, 4, 7, 6, 4, 9, 6, 8, 3, 7]]",0.011189936228281412,"[1, 5, 2, 2, 1, 0, 3, 2, 18]",7,0.025+(((_sig_(0.213*(x[0]-24.94))))|_div_|(((_exp_((x[0]-76.49)|_div_|68.37)))*(x[0]))),"{'generation': 0, 'evals': 1, 'test_error': 0.0}"
35,"[[0], [0, 1, 0, 1, 3, 1], [3, 2, 1, 1], [3, 1], [0, 0], [0, 0], [0, 0, 0], [0, 0, 0, 0], [0, 3, 0, 2, 5, 7, 2, 0, 5, 8, 7, 4, 7, 1, 7, 2, 3, 3]]",0.011227379556976159,"[1, 5, 2, 2, 1, 0, 3, 2, 18]",7,0.030+(((_sig_(0.257*(x[0]-20.58))))|_div_|(((_exp_((x[0]-74.71)|_div_|72.33)))*(x[0]))),"{'generation': 0, 'evals': 1, 'test_error': 0.0}"
36,"[[0], [0, 1, 0, 1, 3, 1], [3, 2, 1, 1], [3, 1, 1], [0, 0], [0, 0], [0, 0, 0], [0, 0, 0, 0], [0, 3, 0, 2, 5, 7, 2, 0, 5, 8, 7, 4, 7, 8, 7, 2, 0, 0]]",0.011237502568872897,"[1, 5, 2, 2, 1, 0, 3, 2, 18]",7,0.030+(((_sig_(0.257*(x[0]-20.58))))|_div_|(((_exp_((x[0]-74.78)|_div_|72.00)))*(x[0]))),"{'generation': 0, 'evals': 1, 'test_error': 0.0}"
37,"[[0], [0, 1, 0, 1, 3], [3, 2, 1, 1], [3, 1, 1], [0, 0], [0, 0], [0, 0, 0], [0, 0, 0, 0], [0, 3, 0, 2, 1, 7, 2, 3, 6, 1, 6, 5, 9, 7, 6, 1, 7, 9]]",0.011248038154999486,"[1, 5, 2, 2, 1, 0, 3, 2, 18]",7,0.030+(((_sig_(0.217*(x[0]-23.61))))|_div_|(((_exp_((x[0]-65.97)|_div_|61.79)))*(x[0]))),"{'generation': 0, 'evals': 1, 'test_error': 0.0}"
38,"[[0], [0, 1, 0, 1, 3, 0], [3, 2, 1, 1], [3, 2, 1], [0, 0], [0, 0], [0, 0, 0], [0, 0, 0], [0, 2, 0, 2, 6, 9, 2, 2, 1, 4, 7, 7, 4, 5, 7, 6, 8, 6]]",0.011327484069986292,"[1, 5, 2, 2, 1, 0, 3, 2, 18]",7,0.020+(((_sig_(0.269*(x[0]-22.14))))|_div_|(((_exp_((x[0]-77.45)|_div_|76.86)))*(x[0]))),"{'generation': 0, 'evals': 1, 'test_error': 0.0}"
39,"[[0], [0, 1, 0, 1, 3], [3, 2, 1, 1], [3, 1], [0, 0], [0, 0], [0, 0, 0], [0, 0, 0], [0, 3, 0, 2, 6, 7, 2, 3, 9, 4, 6, 5, 4, 9, 6, 1, 7, 9]]",0.011417457183150443,"[1, 5, 2, 2, 1, 0, 3, 2, 18]",7,0.030+(((_sig_(0.267*(x[0]-23.94))))|_div_|(((_exp_((x[0]-65.49)|_div_|61.79)))*(x[0]))),"{'generation': 0, 'evals': 1, 'test_error': 0.0}"
40,"[[0], [0, 1, 0, 1, 3], [3, 2, 1, 1], [3, 2], [0, 0], [0, 0], [0, 0, 0], [0, 0, 0], [0, 3, 0, 3, 5, 2, 2, 3, 5, 3, 7, 4, 9, 2, 6, 1, 7, 9]]",0.011446941783242248,"[1, 5, 2, 2, 1, 0, 3, 2, 18]",7,0.030+(((_sig_(0.352*(x[0]-23.53))))|_div_|(((_exp_((x[0]-74.92)|_div_|61.79)))*(x[0]))),"{'generation': 0, 'evals': 1, 'test_error': 0.0}"
41,"[[0], [0, 1, 0, 1, 3], [3, 2, 1, 1], [3, 2], [0, 0], [0, 0], [0, 0, 0], [0, 0, 0], [0, 3, 0, 3, 6, 7, 2, 3, 2, 5, 7, 4, 4, 9, 6, 1, 7, 9]]",0.011491510772736153,"[1, 5, 2, 2, 1, 0, 3, 2, 18]",7,0.030+(((_sig_(0.367*(x[0]-23.25))))|_div_|(((_exp_((x[0]-74.49)|_div_|61.79)))*(x[0]))),"{'generation': 0, 'evals': 1, 'test_error': 0.0}"
42,"[[0], [0, 1, 0, 1, 3, 0], [3, 2, 2], [3, 2, 1], [0, 0], [0, 0], [0, 0, 0], [0, 0, 0], [0, 2, 0, 2, 3, 9, 2, 2, 1, 4, 7, 6, 4, 5, 7, 6, 8, 6]]",0.0115038325024044,"[1, 5, 2, 2, 1, 0, 3, 2, 18]",7,0.020+(((_sig_(0.239*(x[0]-22.14))))|_div_|(((_exp_((x[0]-76.45)|_div_|76.86)))*(x[0]))),"{'generation': 0, 'evals': 1, 'test_error': 0.0}"
43,"[[0], [0, 1, 0, 1, 3, 0], [3, 2, 1, 1], [3, 1], [0, 0, 0, 0, 0], [0, 0], [0, 0, 0], [0, 0, 0, 0], [0, 3, 0, 3, 4, 7, 1, 9, 3, 3, 5, 1, 9, 5, 4, 7, 9, 4]]",0.011521232507157963,"[1, 5, 2, 2, 1, 0, 3, 2, 18]",7,0.030+(((_sig_(0.347*(x[0]-19.33))))|_div_|(((_exp_((x[0]-51.95)|_div_|47.94)))*(x[0]))),"{'generation': 0, 'evals': 1, 'test_error': 0.0}"
44,"[[0], [0, 1, 0, 3, 1, 4, 0, 1, 0, 3, 0, 0, 3, 0, 3, 4, 3, 3], [3, 2, 2, 3, 3, 2, 2, 3], [3, 1], [0, 0, 0, 0, 0], [0, 0], [0, 0, 0], [0, 0, 0, 0], [0, 2, 0, 2, 5, 2, 2, 1, 2, 6, 7, 1, 7, 9, 7, 2, 8, 5, 7, 5, 6, 2, 4, 0, 2, 9, 7, 7, 4, 2, 2, 0]]",0.011527886086090346,"[1, 5, 2, 2, 1, 0, 3, 2, 18]",7,0.020+(((_sig_(0.252*(x[0]-21.26))))|_div_|((x[0])*((_exp_((x[0]-71.79)|_div_|72.85))))),"{'generation': 0, 'evals': 1, 'test_error': 0.0}"
45,"[[0], [0, 1, 0, 1, 3, 0], [3, 2, 2], [3, 1], [0, 0], [0, 0], [0, 0, 0], [0, 0, 0], [0, 3, 0, 3, 4, 7, 1, 9, 1, 9, 5, 9, 9, 5, 5, 7, 9, 4]]",0.011529489758039677,"[1, 5, 2, 2, 1, 0, 3, 2, 18]",7,0.030+(((_sig_(0.347*(x[0]-19.19))))|_div_|(((_exp_((x[0]-59.95)|_div_|57.94)))*(x[0]))),"{'generation': 0, 'evals': 1, 'test_error': 0.0}"
46,"[[0], [0, 1, 0, 1, 3, 0], [3, 2, 2, 3, 3], [3, 1], [0, 0], [0, 0], [0, 0, 0], [0, 0, 0], [0, 2, 0, 2, 5, 4, 2, 1, 2, 4, 7, 1, 6, 6, 7, 3, 3, 8]]",0.011629822978604005,"[1, 5, 2, 2, 1, 0, 3, 2, 18]",7,0.020+(((_sig_(0.254*(x[0]-21.24))))|_div_|(((_exp_((x[0]-71.66)|_div_|73.38)))*(x[0]))),"{'generation': 0, 'evals': 1, 'test_error': 0.0}"
47,"[[0], [0, 1, 0, 1, 3, 0], [3, 2, 2, 3, 3], [3, 1], [0, 0], [0, 0], [0, 0, 0, 0], [0, 0, 0], [0, 2, 0, 2, 5, 4, 2, 1, 2, 4, 7, 1, 6, 6, 7, 3, 3, 8]]",0.011629822978604005,"[1, 5, 2, 2, 1, 0, 3, 2, 18]",7,0.020+(((_sig_(0.254*(x[0]-21.24))))|_div_|(((_exp_((x[0]-71.66)|_div_|73.38)))*(x[0]))),"{'generation': 0, 'evals': 1, 'test_error': 0.0}"
48,"[[0], [0, 1, 0, 1, 3, 0], [3, 2, 2], [3, 2, 1], [0, 0], [0, 0], [0, 0, 0], [0, 0, 0], [0, 3, 0, 2, 2, 6, 2, 5, 0, 3, 8, 4, 4, 8, 6, 4, 7, 7]]",0.01165181117073983,"[1, 5, 2, 2, 1, 0, 3, 2, 18]",7,0.030+(((_sig_(0.226*(x[0]-25.03))))|_div_|(((_exp_((x[0]-84.48)|_div_|64.77)))*(x[0]))),"{'generation': 0, 'evals': 1, 'test_error': 0.0}"
49,"[[0], [0, 1, 0, 1, 3, 0], [3, 2, 1, 1], [3, 1], [0, 0], [0, 0], [0, 0, 0], [0, 0, 0], [0, 3, 0, 3, 4, 7, 1, 9, 3, 3, 5, 1, 2, 7, 5, 3, 3, 4]]",0.011720478651598884,"[1, 5, 2, 2, 1, 0, 3, 2, 18]",7,0.030+(((_sig_(0.347*(x[0]-19.33))))|_div_|(((_exp_((x[0]-51.27)|_div_|53.34)))*(x[0]))),"{'generation': 0, 'evals': 1, 'test_error': 0.0}"
50,"[[0], [0, 1, 0, 1, 3, 0], [3, 2, 2, 3, 3, 2, 2, 3], [3, 1], [0, 0], [0, 0], [0, 0, 0], [0, 0, 0], [0, 2, 0, 5, 3, 4, 2, 1, 2, 4, 7, 9, 4, 5, 6, 8, 4, 7]]",0.011724853754608754,"[1, 5, 2, 2, 1, 0, 3, 2, 18]",7,0.020+(((_sig_(0.534*(x[0]-21.24))))|_div_|(((_exp_((x[0]-79.45)|_div_|68.47)))*(x[0]))),"{'generation': 0, 'evals': 1, 'test_error': 0.0}"
51,"[[0], [0, 1, 0, 1, 3, 1], [3, 2, 1, 1], [3, 1, 1], [0, 0], [0, 0], [0, 0, 0], [0, 0, 0, 0], [0, 3, 8, 8, 5, 5, 2, 0, 5, 8, 3, 4, 7, 9, 4, 2, 9, 0]]",0.014983011184683764,"[1, 5, 2, 2, 1, 0, 3, 2, 18]",7,0.038+(((_sig_(0.855*(x[0]-20.58))))|_div_|(((_exp_((x[0]-34.79)|_div_|42.90)))*(x[0]))),"{'generation': 0, 'evals': 1, 'test_error': 0.0}"
52,"[[0], [0, 1, 3, 1, 4, 0], [3, 2, 1, 1], [3, 2, 1], [0, 0], [0, 0], [0, 0, 0], [0, 0, 0, 0], [0, 3, 2, 3, 1, 0, 2, 3, 0, 0, 7, 9, 5, 6, 7, 4, 6, 9]]",0.018038074638413188,"[1, 3, 1, 1, 1, 0, 1, 2, 10]",6,0.032+(((_sig_(0.310*(x[0]-23.00))))|_div_|(x[0])),"{'generation': 0, 'evals': 1, 'test_error': 0.0}"
53,"[[0], [0, 1, 3, 2, 3], [3, 1, 1, 1], [3, 2], [0, 0], [0, 0], [0, 0, 0], [0, 0, 0, 0], [0, 3, 9, 4, 0, 7, 2, 1, 5, 2, 7, 6, 9, 5, 1, 1, 4, 5]]",0.01825364711488555,"[1, 3, 1, 1, 1, 0, 1, 2, 10]",6,0.039+(((_sig_(0.407*(x[0]-21.52))))|_div_|(x[0])),"{'generation': 0, 'evals': 1, 'test_error': 0.0}"
54,"[[0], [0, 1, 0, 1, 3, 0], [3, 2, 1, 1], [3, 2], [0, 0, 0, 0, 0], [0, 0], [0, 0, 0], [0, 0, 0], [0, 2, 2, 3, 5, 9, 2, 5, 6, 6, 4, 1, 8, 4, 7, 4, 4, 5, 7, 5, 6, 2, 4, 0, 2, 9, 7, 7, 4, 2, 2, 0]]",0.021861817329588338,"[1, 5, 2, 2, 1, 0, 3, 2, 18]",7,0.022+(((_sig_(0.359*(x[0]-25.66))))|_div_|(((_exp_((x[0]-41.84)|_div_|74.45)))*(x[0]))),"{'generation': 0, 'evals': 1, 'test_error': 0.0}"
55,"[[0], [0, 1, 0, 1, 3, 0], [3, 2, 2, 3, 3, 2, 2, 3], [3, 1], [0, 0], [0, 0], [0, 0, 0, 0, 0], [0, 0, 0, 0], [0, 2, 0, 4, 1, 4, 2, 1, 0, 6, 2, 5, 4, 0, 7, 2, 6, 5, 7, 5, 6, 2, 4, 0, 2, 9, 7, 7, 4, 2, 2, 0]]",0.023138100153209728,"[1, 5, 2, 2, 1, 0, 3, 2, 18]",7,0.020+(((_sig_(0.414*(x[0]-21.06))))|_div_|(((_exp_((x[0]-25.40)|_div_|72.65)))*(x[0]))),"{'generation': 0, 'evals': 1, 'test_error': 0.0}"
56,"[[0], [0, 1, 2, 1, 3, 0], [3, 1, 2, 3, 3], [3, 1], [0, 0], [0, 0], [0, 0, 0], [0, 0, 0], [0, 3, 5, 4, 5, 9, 2, 5, 1, 0, 4, 5, 7, 9, 1, 0, 8, 5, 7, 5, 6, 2, 4, 0, 2, 9, 7, 7, 4, 2, 2, 0]]",0.0246886209667629,"[1, 3, 1, 1, 0, 0, 2, 2, 14]",6,0.035+(((_sig_(0.459*(x[0]-25.10))))|_div_|(45.79)),"{'generation': 0, 'evals': 1, 'test_error': 0.0}"
57,"[[0], [0, 3, 0, 2, 3, 0], [3, 2, 1, 1], [0, 1], [0, 0, 0], [0, 0], [0, 0, 0], [0, 0, 0, 0], [0, 2, 3, 4, 3, 4, 8, 1, 8, 4, 7, 1, 2, 2, 6, 3, 3, 7]]",0.024761268108420158,"[1, 5, 2, 0, 2, 0, 1, 1, 7]",6,0.023+((x[0])|_div_|((43.48)*(x[0]))),"{'generation': 0, 'evals': 1, 'test_error': 0.0}"
58,"[[0], [0, 1, 2, 2, 2, 0], [3, 2, 1, 1], [3, 1], [0, 0], [0, 0], [0, 0, 0], [0, 0, 0], [0, 2, 6, 5, 6, 1, 2, 1, 2, 9, 5, 6, 0, 8, 6, 0, 3, 3]]",0.0251362997895088,"[1, 3, 1, 1, 0, 0, 2, 2, 14]",6,0.026+(((_sig_(0.561*(x[0]-21.29))))|_div_|(56.08)),"{'generation': 0, 'evals': 1, 'test_error': 0.0}"
59,"[[0], [0, 1, 0, 1, 0, 3, 3, 3, 0, 3, 3, 4, 3, 1, 4, 3, 1, 4], [3, 2, 2, 3, 2, 2, 2, 3], [3, 0, 1, 3, 1], [0, 0, 0, 0, 0], [0, 0], [0, 0, 0, 0, 0, 0], [0, 0, 0, 0], [0, 3, 9, 7, 2, 3, 3, 6, 7, 4, 1, 7, 6, 6, 6, 8, 8, 1, 8, 8, 9, 5, 8, 9, 3, 1, 3, 7, 1, 5, 0, 2, 3, 1, 3, 1]]",0.02648806602497393,"[1, 8, 3, 2, 3, 0, 1, 2, 10]",8,0.039+(((_sig_(0.723*(x[0]-36.74))))|_div_|(((_exp_((x[0])*(x[0]))))*(x[0]))),"{'generation': 0, 'evals': 1, 'test_error': 0.0}"
60,"[[0], [0, 1, 2, 2, 0, 0, 3, 2, 1], [3, 0, 1, 1], [1, 1], [0, 0], [0, 0], [0, 0, 0, 0, 0, 0], [0, 0, 0, 0], [0, 4, 5, 5, 6, 2, 3, 7, 8, 2, 7, 9, 2, 2, 0, 3, 3, 7, 7, 7, 5, 8, 9, 4, 4, 1, 8]]",0.0267658550777605,"[1, 3, 1, 1, 0, 0, 3, 1, 15]",6,0.045+(((_exp_((x[0]-56.23)|_div_|78.27)))|_div_|(92.20)),"{'generation': 0, 'evals': 1, 'test_error': 0.0}"
61,"[[0], [0, 1, 2, 3, 3, 0], [3, 2, 2], [3, 1], [0, 0, 0], [0, 0, 0], [0, 0, 0], [0, 0, 0, 0], [0, 2, 9, 3, 7, 5, 3, 1, 6, 4, 3, 9, 2, 4, 7, 4, 5, 8]]",0.02782542418099685,"[1, 3, 1, 1, 0, 0, 2, 2, 14]",6,0.029+(((_sig_(0.375*(x[0]-31.64))))|_div_|(39.24)),"{'generation': 0, 'evals': 1, 'test_error': 0.0}"
62,"[[0], [0, 1, 0, 1, 3, 0], [3, 0, 1, 1], [3, 3, 3], [0, 0], [0, 0], [0, 0, 0, 0], [0, 0, 0], [0, 4, 2, 5, 4, 8, 6, 1, 5, 2, 9, 3, 5, 2, 7, 4, 9, 2]]",0.028203930510717266,"[1, 5, 2, 2, 1, 0, 2, 3, 17]",7,0.042+(((_sig_(0.548*(x[0]-61.52))))|_div_|(((_sig_(0.935*(x[0]-27.49))))+(x[0]))),"{'generation': 0, 'evals': 1, 'test_error': 0.0}"
63,"[[0], [0, 1, 0, 1, 2, 0], [3, 2, 2, 3, 3], [3, 1], [0, 0], [0, 0], [0, 0, 0, 0], [0, 0, 0], [0, 2, 4, 5, 5, 4, 3, 1, 2, 4, 7, 1, 6, 6, 7, 3, 3, 8, 8, 9, 4, 5]]",0.028632749049728633,"[1, 5, 2, 2, 0, 0, 4, 2, 22]",7,0.024+(((_sig_(0.554*(x[0]-31.24))))|_div_|(((_exp_((x[0]-71.66)|_div_|73.38)))*(89.45))),"{'generation': 0, 'evals': 1, 'test_error': 0.0}"
64,"[[0], [0, 1, 0, 1, 3, 0], [3, 2, 1, 1], [3, 1, 1], [0, 0], [0, 0], [0, 0, 0], [0, 0, 0], [0, 3, 1, 0, 3, 6, 9, 1, 3, 6, 1, 1, 6, 9, 8, 8, 2, 7]]",0.029120343600856472,"[1, 5, 2, 2, 1, 0, 3, 2, 18]",7,0.031+(((_sig_(0.036*(x[0]-91.36))))|_div_|(((_exp_((x[0]-11.69)|_div_|88.27)))*(x[0]))),"{'generation': 0, 'evals': 1, 'test_error': 0.0}"
65,"[[0], [0, 1, 2, 1, 3, 0], [3, 0, 2], [3, 2], [0, 0], [0, 0], [0, 0, 0], [0, 0, 0], [0, 2, 0, 5, 2, 8, 2, 1, 2, 4, 7, 1, 4, 9, 6, 3, 9, 1]]",0.029658345801263423,"[1, 3, 1, 1, 0, 0, 2, 2, 14]",6,0.020+(((_sig_(0.528*(x[0]-21.24))))|_div_|(71.49)),"{'generation': 0, 'evals': 1, 'test_error': 0.0}"
66,"[[0], [0, 1, 2, 1, 3, 0], [3, 0, 1, 1], [3, 1], [0, 0], [0, 0], [0, 0, 0], [0, 0, 0], [0, 3, 5, 4, 5, 3, 7, 8, 1, 0, 4, 8, 7, 8, 1, 0, 8, 5, 7, 5, 6, 2, 4, 0, 2, 9, 7, 7, 4, 2, 2, 0]]",0.030080717647113064,"[1, 3, 1, 1, 0, 0, 2, 2, 14]",6,0.035+(((_sig_(0.453*(x[0]-78.10))))|_div_|(48.78)),"{'generation': 0, 'evals': 1, 'test_error': 0.0}"
67,"[[0], [0, 1, 0, 1, 3, 0], [3, 2, 1, 1], [3, 2], [0, 0], [0, 0], [0, 0, 0], [0, 0, 0], [0, 2, 5, 8, 8, 7, 4, 0, 9, 6, 5, 4, 9, 4, 7, 0, 8, 4, 7, 5, 6, 2, 4, 0, 2, 9, 7, 7, 4, 2, 2, 0]]",0.03053702859344949,"[1, 5, 2, 2, 1, 0, 3, 2, 18]",7,0.025+(((_sig_(0.887*(x[0]-40.96))))|_div_|(((_exp_((x[0]-54.94)|_div_|70.84)))*(x[0]))),"{'generation': 0, 'evals': 1, 'test_error': 0.0}"
68,"[[0], [0, 1, 0, 1, 3, 0], [2, 3, 1, 1], [3, 1], [0, 0], [0, 0], [0, 0, 0], [0, 0, 0, 0], [0, 3, 0, 3, 4, 7, 6, 7, 3, 7, 7, 1, 5, 4, 9, 7, 3, 4]]",0.03179025150147182,"[1, 5, 2, 2, 1, 0, 3, 2, 18]",7,0.030+(((_sig_(0.347*(x[0]-67.37))))*(((_exp_((x[0]-71.54)|_div_|97.34)))|_div_|(x[0]))),"{'generation': 0, 'evals': 1, 'test_error': 0.0}"
69,"[[0], [0, 1, 4, 1, 3, 0], [3, 0, 2, 3, 3], [3, 0], [0, 0], [0, 0], [0, 0, 0], [0, 0, 0], [0, 2, 8, 2, 5, 4, 9, 9, 2, 7, 7, 1, 9, 3, 7, 3, 9, 8]]",0.03232744561538701,"[1, 3, 1, 1, 1, 1, 1, 2, 10]",6,0.028+(((_sig_(0.254*(x[0]-99.27))))|_div_|((x[0]-33.941))),"{'generation': 0, 'evals': 1, 'test_error': 0.0}"
70,"[[0], [0, 1, 0, 1, 3, 0], [3, 2, 2], [3, 2], [0, 0], [0, 0], [0, 0, 0], [0, 0, 0, 0], [0, 6, 7, 3, 1, 8, 2, 1, 7, 0, 1, 9, 3, 6, 4, 4, 8, 9]]",0.03234075318017642,"[1, 5, 2, 2, 1, 0, 3, 2, 18]",7,0.067+(((_sig_(0.318*(x[0]-21.70))))|_div_|(((_exp_((x[0]-19.36)|_div_|44.89)))*(x[0]))),"{'generation': 0, 'evals': 1, 'test_error': 0.0}"
71,"[[0], [0, 1, 0, 4, 3, 0], [3, 2, 2, 3, 3, 2, 2, 3], [3, 1], [0, 0], [0, 0], [0, 0, 0, 0, 0], [0, 0, 0], [0, 2, 6, 3, 2, 2, 7, 1, 3, 1, 7, 8, 3, 6, 7, 3, 7, 6]]",0.03355028481429294,"[1, 5, 2, 1, 2, 1, 1, 2, 10]",6,0.026+(((_sig_(0.322*(x[0]-71.31))))|_div_|(((x[0]-33.941))*(x[0]))),"{'generation': 0, 'evals': 1, 'test_error': 0.0}"
72,"[[0], [0, 1, 0, 1, 3, 0], [3, 2, 2], [3, 1], [0, 0], [0, 0], [0, 0, 0], [0, 0, 0, 0], [0, 1, 2, 6, 3, 6, 2, 0, 3, 4, 0, 3, 6, 1, 5, 7, 3, 3]]",0.0341296852953237,"[1, 5, 2, 2, 1, 0, 3, 2, 18]",7,0.012+(((_sig_(0.636*(x[0]-20.34))))|_div_|(((_exp_((x[0]-03.61)|_div_|57.33)))*(x[0]))),"{'generation': 0, 'evals': 1, 'test_error': 0.0}"
73,"[[0], [0, 1, 0, 1, 3, 0], [3, 2, 2], [3, 1], [0, 0], [0, 0], [0, 0, 0], [0, 0, 0], [0, 2, 2, 7, 4, 3, 4, 2, 5, 2, 0, 2, 9, 7, 7, 7, 9, 8]]",0.03420638190479162,"[1, 5, 2, 2, 1, 0, 3, 2, 18]",7,0.022+(((_sig_(0.743*(x[0]-42.52))))|_div_|(((_exp_((x[0]-02.97)|_div_|77.98)))*(x[0]))),"{'generation': 0, 'evals': 1, 'test_error': 0.0}"
74,"[[0], [0, 1, 4, 1, 3, 0], [3, 1, 1, 1], [3, 2, 1], [0, 0], [0, 0], [0, 0, 0], [0, 0, 0], [0, 6, 8, 9, 3, 5, 8, 1, 4, 9, 7, 6, 6, 6, 1, 2, 1, 8]]",0.034218955512734114,"[1, 3, 1, 1, 1, 1, 1, 2, 10]",6,0.068+(((_sig_(0.935*(x[0]-81.49))))|_div_|((x[0]-33.941))),"{'generation': 0, 'evals': 1, 'test_error': 0.0}"
75,"[[0], [0, 1, 0, 1, 2, 0, 0, 3, 2, 2, 0, 4, 4], [3, 2, 2, 3, 1, 3], [3, 1], [0, 0, 0, 0, 0], [0, 0, 0], [0, 0, 0, 0], [0, 0, 0, 0], [0, 2, 2, 3, 0, 8, 5, 0, 7, 0, 9, 9, 5, 6, 7, 4, 6, 9, 8, 1, 0, 0]]",0.034954073129344135,"[1, 5, 2, 2, 0, 0, 4, 2, 22]",7,0.022+(((_sig_(0.308*(x[0]-50.70))))|_div_|(((_exp_((x[0]-99.56)|_div_|74.69)))*(81.00))),"{'generation': 0, 'evals': 1, 'test_error': 0.0}"
76,"[[0], [0, 1, 0, 2, 3, 0], [3, 2, 1, 1], [3, 1, 1], [0, 0], [0, 0], [0, 0, 0], [0, 0, 0], [0, 2, 3, 9, 9, 8, 2, 1, 7, 2, 8, 1, 7, 6, 7, 9, 9, 1]]",0.035452593063273884,"[1, 5, 2, 1, 1, 0, 2, 2, 14]",6,0.023+(((_sig_(0.998*(x[0]-21.72))))|_div_|((81.76)*(x[0]))),"{'generation': 0, 'evals': 1, 'test_error': 0.0}"
77,"[[0], [0, 1, 0, 1, 3, 0], [3, 2, 1, 1], [3, 2, 1], [0, 0], [0, 0], [0, 0, 0], [0, 0, 0, 0], [0, 2, 0, 2, 3, 9, 5, 2, 1, 4, 7, 7, 4, 5, 7, 6, 2, 2]]",0.035577806606795076,"[1, 5, 2, 2, 1, 0, 3, 2, 18]",7,0.020+(((_sig_(0.239*(x[0]-52.14))))|_div_|(((_exp_((x[0]-77.45)|_div_|76.22)))*(x[0]))),"{'generation': 0, 'evals': 1, 'test_error': 0.0}"
78,"[[0], [0, 1, 0, 4, 3, 3], [3, 2, 2], [3, 0], [0, 0], [0, 0], [0, 0, 0, 0], [0, 0, 0], [0, 7, 4, 9, 0, 7, 3, 6, 0, 9, 0, 4, 4, 7, 7, 4, 8, 5, 8, 5, 6, 5, 4, 0, 2, 9, 7, 7, 4, 2, 2, 0]]",0.0356857233991763,"[1, 5, 2, 1, 2, 1, 1, 2, 10]",6,0.074+(((_sig_(0.907*(x[0]-36.09))))|_div_|(((x[0]-33.941))*(x[0]))),"{'generation': 0, 'evals': 1, 'test_error': 0.0}"
79,"[[0], [0, 1, 0, 2, 0, 0, 3, 2, 3], [3, 1, 2, 1], [2, 3], [0, 0], [0, 0], [0, 0, 0, 0, 0, 0], [0, 0, 0, 0], [0, 2, 7, 1, 0, 2, 4, 7, 3, 7, 4, 4, 2, 2, 6, 3, 3, 1, 7, 6, 5, 2, 9, 6, 4, 2, 2]]",0.03572009508058921,"[1, 9, 4, 1, 2, 0, 4, 1, 19]",8,0.027+(((_exp_((x[0]-10.24)|_div_|73.74)))|_div_|((42.26)-(((x[0])*(33.17))-(x[0])))),"{'generation': 0, 'evals': 1, 'test_error': 0.0}"
80,"[[0], [0, 1, 0, 2, 1, 0, 0, 4, 0, 3, 3, 0, 0, 0, 0, 1, 4, 3, 2, 2, 2], [3, 0, 1, 1, 0], [3, 2, 3], [0, 0, 0], [0, 0], [0, 0, 0, 0, 0], [0, 0, 0, 0], [0, 2, 2, 6, 2, 1, 5, 8, 7, 4, 7, 3, 4, 2, 4, 4, 6, 7, 6, 9, 4, 9, 2, 0, 6, 4]]",0.03607667928990015,"[1, 5, 2, 2, 0, 0, 4, 2, 22]",7,0.022+(((_sig_(0.621*(x[0]-58.74))))|_div_|((73.42)+((_exp_((x[0]-44.67)|_div_|69.49))))),"{'generation': 0, 'evals': 1, 'test_error': 0.0}"
81,"[[0], [0, 1, 3, 1, 1, 0], [3, 2, 1, 1], [3, 1, 1], [0, 0], [0, 0], [0, 0, 0], [0, 0, 0, 0], [0, 2, 2, 2, 3, 1, 9, 1, 3, 4, 7, 1, 4, 7, 3, 8, 3, 2]]",0.03643918019597611,"[1, 3, 1, 1, 1, 0, 1, 2, 10]",6,0.022+(((_sig_(0.231*(x[0]-91.34))))|_div_|(x[0])),"{'generation': 0, 'evals': 1, 'test_error': 0.0}"
82,"[[0], [0, 1, 3, 4, 1, 0], [3, 2, 1, 1], [3, 1, 1], [0, 0], [0, 0], [0, 0, 0], [0, 0, 0, 0], [0, 2, 0, 3, 5, 0, 8, 1, 2, 6, 7, 1, 7, 8, 7, 0, 8, 5, 7, 5, 6, 2, 4, 0, 2, 9, 7, 7, 4, 2, 2, 0]]",0.0378927478191011,"[1, 3, 1, 1, 1, 0, 1, 2, 10]",6,0.020+(((_sig_(0.350*(x[0]-81.26))))|_div_|(x[0])),"{'generation': 0, 'evals': 1, 'test_error': 0.0}"
83,"[[0], [0, 1, 0, 1, 3, 0], [3, 2, 1, 1], [3, 2, 1], [0, 0], [0, 0], [0, 0, 0, 0], [0, 0, 0], [0, 2, 0, 4, 6, 9, 9, 8, 8, 4, 7, 1, 8, 7, 2, 7, 8, 6, 4]]",0.0378945342319081,"[1, 5, 2, 2, 1, 0, 3, 2, 18]",7,0.020+(((_sig_(0.469*(x[0]-98.84))))|_div_|(((_exp_((x[0]-71.87)|_div_|27.86)))*(x[0]))),"{'generation': 0, 'evals': 1, 'test_error': 0.0}"
84,"[[0], [0, 1, 4, 1, 0, 0], [3, 3, 1, 1], [3, 1], [0, 0], [0, 0], [0, 0, 0], [0, 0, 0], [0, 2, 0, 2, 3, 5, 8, 1, 2, 4, 7, 1, 4, 9, 6, 8, 3, 7]]",0.03790659536450731,"[1, 3, 1, 1, 1, 1, 1, 2, 10]",6,0.020+(((_sig_(0.235*(x[0]-81.24))))|_div_|((x[0]-33.941))),"{'generation': 0, 'evals': 1, 'test_error': 0.0}"
85,"[[0], [0, 1, 4, 1, 2, 0], [3, 2, 2, 3, 3], [3, 2, 1], [0, 0, 0, 0, 0], [0, 0], [0, 0, 0, 0], [0, 0, 0], [0, 2, 0, 3, 3, 4, 8, 3, 2, 4, 7, 2, 4, 9, 4, 8, 3, 7]]",0.038019866933340966,"[1, 3, 1, 1, 1, 1, 1, 2, 10]",6,0.020+(((_sig_(0.334*(x[0]-83.24))))|_div_|((x[0]-33.941))),"{'generation': 0, 'evals': 1, 'test_error': 0.0}"
86,"[[0], [0, 1, 3, 1, 1, 4, 0, 1, 0, 3, 0, 0, 3, 0, 3, 4, 3, 3], [3, 3, 2, 3, 3, 2, 2, 3], [1, 2], [0, 0, 0, 0, 0], [0, 0], [0, 0, 0], [0, 0, 0, 0], [0, 2, 4, 4, 8, 1, 2, 2, 7, 4, 2, 0, 7, 0, 7, 1, 0, 1]]",0.040476864136969944,"[1, 3, 1, 1, 1, 0, 2, 1, 11]",6,0.024+(((_exp_((x[0]-48.12)|_div_|27.42)))|_div_|(x[0])),"{'generation': 0, 'evals': 1, 'test_error': 0.0}"
87,"[[0], [0, 1, 0, 2, 4, 0], [3, 2, 1, 1], [3, 1], [0, 0], [0, 0], [0, 0, 0], [0, 0, 0], [0, 2, 0, 2, 3, 4, 2, 1, 2, 4, 7, 1, 1, 9, 6, 6, 6, 4]]",0.040674935873583236,"[1, 5, 2, 1, 1, 1, 2, 2, 14]",6,0.020+(((_sig_(0.234*(x[0]-21.24))))|_div_|((71.19)*((x[0]-33.941)))),"{'generation': 0, 'evals': 1, 'test_error': 0.0}"
88,"[[0], [0, 1, 2, 1, 3, 0], [3, 2, 2], [1, 1], [0, 0], [0, 0], [0, 0, 0], [0, 0, 0], [0, 7, 5, 8, 7, 1, 1, 4, 0, 6, 1, 9, 0, 6, 1, 0, 9, 7]]",0.040675567063995124,"[1, 3, 1, 1, 0, 0, 3, 1, 15]",6,0.075+(((_exp_((x[0]-87.11)|_div_|40.61)))|_div_|(90.61)),"{'generation': 0, 'evals': 1, 'test_error': 0.0}"
89,"[[0], [0, 1, 2, 2, 3], [3, 2, 1, 1], [3, 2], [0, 0], [0, 0], [0, 0, 0], [0, 0, 0], [0, 7, 3, 8, 3, 4, 2, 1, 2, 4, 7, 1, 2, 2, 6, 3, 3, 7]]",0.042079420600239774,"[1, 3, 1, 1, 0, 0, 2, 2, 14]",6,0.073+(((_sig_(0.834*(x[0]-21.24))))|_div_|(71.22)),"{'generation': 0, 'evals': 1, 'test_error': 0.0}"
90,"[[0], [0, 1, 3, 1, 3, 0], [3, 2, 1, 1], [1, 1], [0, 0], [0, 0], [0, 0, 0], [0, 0, 0, 0], [0, 7, 3, 8, 2, 4, 7, 4, 3, 0, 1, 9, 0, 3, 1, 0, 9, 7]]",0.04606176176621782,"[1, 3, 1, 1, 1, 0, 2, 1, 11]",6,0.073+(((_exp_((x[0]-82.47)|_div_|43.01)))|_div_|(x[0])),"{'generation': 0, 'evals': 1, 'test_error': 0.0}"
91,"[[0], [0, 1, 0, 1, 4, 0], [3, 2, 2], [3, 3], [0, 0], [0, 0], [0, 0, 0], [0, 0, 0], [0, 8, 3, 7, 2, 2, 6, 8, 0, 8, 8, 6, 3, 5, 4, 8, 2, 9]]",0.04704370508974959,"[1, 5, 2, 2, 1, 1, 2, 3, 17]",7,0.083+(((_sig_(0.722*(x[0]-68.08))))|_div_|(((_sig_(0.863*(x[0]-54.82))))*((x[0]-33.941)))),"{'generation': 0, 'evals': 1, 'test_error': 0.0}"
92,"[[0], [0, 1, 3, 2, 3], [3, 1, 1, 1], [3, 1], [0, 0], [0, 0], [0, 0, 0], [0, 0, 0], [0, 7, 9, 7, 6, 5, 2, 0, 5, 3, 7, 4, 7, 1, 7, 2, 3, 3]]",0.04945300469285052,"[1, 3, 1, 1, 1, 0, 1, 2, 10]",6,0.079+(((_sig_(0.765*(x[0]-20.53))))|_div_|(x[0])),"{'generation': 0, 'evals': 1, 'test_error': 0.0}"
93,"[[0], [0, 1, 2, 4, 1, 0, 0, 2, 4, 3], [3, 3, 1, 1], [3, 3], [0, 0, 0], [0, 0], [0, 0, 0], [0, 0, 0], [0, 0, 4, 9, 4, 9, 7, 1, 4, 9, 2, 0, 6, 6, 6, 8, 8, 1]]",0.05108812953533578,"[1, 3, 1, 1, 0, 0, 2, 2, 14]",6,0.004+(((_sig_(0.949*(x[0]-71.49))))|_div_|(20.66)),"{'generation': 0, 'evals': 1, 'test_error': 0.0}"
94,"[[0], [0, 1, 3, 1, 0, 0], [3, 2, 1, 1], [3, 2], [0, 0], [0, 0], [0, 0, 0], [0, 0, 0, 0], [0, 9, 0, 6, 3, 9, 6, 2, 3, 0, 8, 3, 6, 9, 5, 7, 3, 3]]",0.05326868243688508,"[1, 3, 1, 1, 1, 0, 1, 2, 10]",6,0.090+(((_sig_(0.639*(x[0]-62.30))))|_div_|(x[0])),"{'generation': 0, 'evals': 1, 'test_error': 0.0}"
95,"[[0], [0, 1, 0, 4, 4, 0, 3, 4], [3, 3, 1, 1], [0, 1, 1], [0, 0, 0, 0], [0, 0, 0], [0, 0, 0], [0, 0, 0, 0], [0, 2, 0, 8, 3, 6, 3, 6, 8, 4, 7, 1, 2, 0, 6, 3, 3, 7]]",0.05686336823886604,"[1, 8, 3, 1, 4, 3, 0, 1, 3]",7,0.020+(((_exp_(((x[0]-33.941))|_div_|((x[0]-33.941)))))|_div_|((x[0])-((x[0]-33.941)))),"{'generation': 0, 'evals': 1, 'test_error': 0.0}"
96,"[[0], [0, 1, 0, 1, 3, 0], [3, 0, 1, 1], [3, 3, 1], [0, 0], [0, 0], [0, 0, 0], [0, 0, 0, 0], [0, 9, 0, 2, 7, 9, 3, 4, 4, 0, 3, 1, 6, 2, 7, 3, 8, 6, 2, 5, 5]]",0.057149295406035756,"[1, 5, 2, 2, 1, 0, 2, 3, 17]",7,0.090+(((_sig_(0.279*(x[0]-34.40))))|_div_|(((_sig_(0.316*(x[0]-27.38))))+(x[0]))),"{'generation': 0, 'evals': 1, 'test_error': 0.0}"
97,"[[0], [0, 1, 0, 1, 3, 0], [3, 2, 1, 1], [3, 2, 1], [0, 0], [0, 0], [0, 0, 0], [0, 0, 0, 0], [0, 8, 4, 2, 7, 7, 2, 0, 5, 0, 7, 4, 4, 9, 7, 3, 0, 0]]",0.06055446183087255,"[1, 5, 2, 2, 1, 0, 3, 2, 18]",7,0.084+(((_sig_(0.277*(x[0]-20.50))))|_div_|(((_exp_((x[0]-74.49)|_div_|73.00)))*(x[0]))),"{'generation': 0, 'evals': 1, 'test_error': 0.0}"
98,"[[0], [0, 1, 3, 2, 3, 0], [3, 2, 1, 1], [2, 3, 1], [0, 0], [0, 0], [0, 0, 0], [0, 0, 0], [0, 0, 9, 8, 2, 5, 7, 9, 0, 0, 1, 9, 0, 6, 1, 0, 9, 7]]",0.06940728798831997,"[1, 3, 1, 1, 1, 0, 2, 1, 11]",6,0.009+(((_exp_((x[0]-82.57)|_div_|90.01)))|_div_|(x[0])),"{'generation': 0, 'evals': 1, 'test_error': 0.0}"
99,"[[0], [0, 1, 0, 1, 3, 0], [3, 0, 1, 1], [3, 2, 3, 1, 1], [0, 0], [0, 0], [0, 0, 0], [0, 0, 0, 0], [1, 2, 0, 2, 1, 4, 4, 7, 5, 2, 3, 5, 0, 0, 7, 2, 6, 4, 7, 5, 6, 2, 4, 0, 2, 9, 7, 7, 4, 2, 2, 0]]",0.08296526992602674,"[1, 5, 2, 2, 1, 0, 3, 2, 18]",7,0.120+(((_sig_(0.214*(x[0]-47.52))))|_div_|(((_exp_((x[0]-35.00)|_div_|72.64)))+(x[0]))),"{'generation': 0, 'evals': 1, 'test_error': 0.0}"
100,"[[0], [0, 1, 3, 1, 2, 0], [3, 2, 2], [2, 2, 1], [0, 0], [0, 0], [0, 0, 0, 0], [0, 0, 0], [0, 4, 8, 5, 4, 1, 2, 8, 4, 9, 7, 3, 6, 2, 3, 5, 2, 8, 4, 2, 1, 4]]",0.08440517695956724,"[1, 3, 1, 1, 1, 0, 2, 1, 11]",6,0.048+(((_exp_((x[0]-54.12)|_div_|84.97)))|_div_|(x[0])),"{'generation': 0, 'evals': 1, 'test_error': 0.0}"
101,"[[0], [0, 1, 0, 2, 1, 0], [3, 1, 1, 1], [2, 2], [0, 0, 0, 0, 0], [0, 0], [0, 0, 0, 0, 0], [0, 0, 0], [0, 8, 9, 2, 5, 3, 2, 4, 6, 4, 7, 4, 4, 1, 6, 8, 3, 7, 7, 6, 8, 1, 8]]",0.09235723937190131,"[1, 5, 2, 2, 0, 0, 5, 1, 23]",7,0.089+(((_exp_((x[0]-25.32)|_div_|46.47)))|_div_|((44.16)-((_exp_((x[0]-83.77)|_div_|68.18))))),"{'generation': 0, 'evals': 1, 'test_error': 0.0}"
102,"[[0], [0, 1, 0, 4, 3, 0], [3, 2, 2], [3, 1], [0, 0], [0, 0], [0, 0, 0], [0, 0, 0], [1, 3, 2, 0, 0, 3, 0, 0, 2, 2, 8, 1, 2, 0, 6, 0, 5, 7]]",0.09245416372987139,"[1, 5, 2, 1, 2, 1, 1, 2, 10]",6,0.132+(((_sig_(0.003*(x[0]-00.22))))|_div_|(((x[0]-33.941))*(x[0]))),"{'generation': 0, 'evals': 1, 'test_error': 0.0}"
103,"[[0], [0, 1, 0, 1, 3, 0], [3, 0, 1, 1], [2, 1, 0], [0, 0], [0, 0], [0, 0, 0, 0], [0, 0, 0], [0, 8, 5, 3, 6, 2, 7, 7, 1, 0, 4, 1, 7, 8, 1, 0, 8, 5, 7, 5, 6, 2, 4, 0, 2, 9, 7, 7, 4, 2, 2, 0]]",0.10334434204282415,"[1, 5, 2, 2, 1, 0, 4, 1, 19]",7,0.085+(((_exp_((x[0]-36.27)|_div_|71.04)))|_div_|(((_exp_((x[0]-17.81)|_div_|08.57)))+(x[0]))),"{'generation': 0, 'evals': 1, 'test_error': 0.0}"
104,"[[0], [0, 1, 0, 1, 3, 0], [3, 2, 1, 1], [3, 1], [0, 0], [0, 0], [0, 0, 0], [0, 0, 0, 0], [0, 2, 5, 4, 0, 7, 2, 1, 5, 4, 7, 4, 9, 6, 2, 0, 8, 4, 7, 5, 6, 2, 4, 0, 2, 9, 7, 7, 4, 2, 2, 0]]",0.10484173774691279,"[1, 5, 2, 2, 1, 0, 3, 2, 18]",7,0.025+(((_sig_(0.407*(x[0]-21.54))))|_div_|(((_exp_((x[0]-74.96)|_div_|20.84)))*(x[0]))),"{'generation': 0, 'evals': 1, 'test_error': 0.0}"
105,"[[0], [0, 1, 0, 1, 3, 1], [3, 2, 1, 1], [3, 1], [0, 0], [0, 0], [0, 0, 0], [0, 0, 0], [0, 2, 0, 2, 3, 8, 0, 6, 2, 9, 7, 7, 0, 9, 6, 0, 9, 0]]",0.11368233074843243,"[1, 5, 2, 2, 1, 0, 3, 2, 18]",7,0.020+(((_sig_(0.238*(x[0]-06.29))))|_div_|(((_exp_((x[0]-77.09)|_div_|60.90)))*(x[0]))),"{'generation': 0, 'evals': 1, 'test_error': 0.0}"
106,"[[0], [0, 1, 1, 1, 2, 0], [3, 2, 1, 1], [3, 1, 3], [0, 0], [0, 0], [0, 0, 0, 0], [0, 0, 0], [0, 3, 0, 2, 2, 6, 9, 5, 0, 3, 8, 4, 4, 8, 8, 4, 7, 3, 6, 4, 8, 2]]",0.12390146399685668,"[1, 3, 1, 2, 0, 0, 3, 2, 18]",6,0.030+(((_sig_(0.226*(x[0]-95.03))))|_div_|((_exp_((x[0]-84.48)|_div_|84.73)))),"{'generation': 0, 'evals': 1, 'test_error': 0.0}"
107,"[[0], [0, 3, 0, 3, 3, 0], [3, 2, 1, 1], [2, 1], [0, 0, 0], [0, 0], [0, 0, 0, 0], [0, 0, 0], [0, 2, 0, 3, 5, 4, 2, 1, 2, 4, 7, 1, 6, 4, 7, 2, 3, 8]]",0.15495735091818758,"[1, 5, 2, 0, 3, 0, 0, 1, 3]",5,0.020+((x[0])|_div_|((x[0])*(x[0]))),"{'generation': 0, 'evals': 1, 'test_error': 0.0}"
108,"[[0], [0, 1, 0, 1, 2, 0], [2, 3, 0, 1, 1, 0], [3, 1], [0, 0], [0, 0], [0, 0, 0, 0], [0, 0, 0], [1, 7, 0, 9, 3, 1, 2, 3, 2, 9, 4, 9, 7, 2, 2, 8, 3, 9, 2, 9, 9, 0]]",0.17499881826404257,"[1, 5, 2, 2, 0, 0, 4, 2, 22]",7,0.170+(((_sig_(0.931*(x[0]-23.29))))*(((_exp_((x[0]-49.72)|_div_|28.39)))|_div_|(29.90))),"{'generation': 0, 'evals': 1, 'test_error': 0.0}"
109,"[[0], [1, 2, 3, 1, 3, 0], [1, 2, 2], [3, 1, 1], [0, 0], [0, 0], [0, 0, 0], [0, 0, 0], [0, 2, 7, 2, 7, 7, 9, 1, 1, 2, 7, 0, 7, 9, 5, 2, 9, 7]]",0.19311569601836395,"[1, 1, 0, 1, 0, 0, 1, 2, 10]",5,0.027+((_sig_(0.277*(x[0]-91.12)))),"{'generation': 0, 'evals': 1, 'test_error': 0.0}"
110,"[[0], [0, 1, 0, 1, 3, 0], [1, 3, 1, 1], [3, 1, 3], [0, 0, 0, 0, 0, 0], [0, 0], [0, 0, 0], [0, 0, 0], [0, 7, 6, 2, 4, 4, 9, 2, 8, 0, 7, 4, 3, 2, 9, 3, 6, 8, 4, 2, 9, 4]]",0.19316779732277606,"[1, 5, 2, 2, 1, 0, 3, 2, 18]",7,0.076+(((_sig_(0.244*(x[0]-92.80))))-(((_exp_((x[0]-74.32)|_div_|93.68)))|_div_|(x[0]))),"{'generation': 0, 'evals': 1, 'test_error': 0.0}"
111,"[[0], [0, 1, 3, 4, 3, 0], [3, 2, 1, 1], [3, 1], [0, 0], [0, 0], [0, 0, 0], [0, 0, 0], [2, 6, 9, 6, 3, 3, 2, 7, 6, 5, 7, 6, 1, 4, 6, 2, 7, 7]]",0.23426766503680574,"[1, 3, 1, 1, 1, 0, 1, 2, 10]",6,0.269+(((_sig_(0.633*(x[0]-27.65))))|_div_|(x[0])),"{'generation': 0, 'evals': 1, 'test_error': 0.0}"
112,"[[0], [0, 1, 1, 1, 3, 1], [3, 1, 1, 1], [3, 1], [0, 0], [0, 0], [0, 0, 0], [0, 0, 0, 0], [0, 2, 3, 2, 1, 4, 8, 1, 0, 5, 7, 7, 2, 2, 6, 5, 3, 7]]",0.24234600030092004,"[1, 3, 1, 2, 0, 0, 3, 2, 18]",6,0.023+(((_sig_(0.214*(x[0]-81.05))))|_div_|((_exp_((x[0]-77.22)|_div_|65.37)))),"{'generation': 0, 'evals': 1, 'test_error': 0.0}"
113,"[[0], [1, 2, 0, 4, 3, 0], [2, 2, 1, 1], [3, 2, 1], [0, 0], [0, 0], [0, 0, 0], [0, 0, 0], [1, 2, 2, 2, 8, 7, 8, 9, 1, 8, 7, 1, 3, 6, 7, 2, 8, 7]]",0.2537181990069364,"[1, 1, 0, 1, 0, 0, 1, 2, 10]",5,0.122+((_sig_(0.287*(x[0]-89.18)))),"{'generation': 0, 'evals': 1, 'test_error': 0.0}"
114,"[[0], [0, 2, 0, 2, 1, 0], [3, 0, 2], [2, 2, 1], [0, 0], [0, 0], [0, 0, 0, 0, 0], [0, 0, 0, 0], [0, 3, 2, 1, 7, 5, 7, 5, 8, 9, 7, 3, 0, 9, 6, 8, 4, 2, 4]]",0.2760534686572282,"[1, 5, 2, 1, 0, 0, 4, 1, 19]",7,0.032+((17.57)|_div_|((58.97)+((_exp_((x[0]-30.96)|_div_|84.24))))),"{'generation': 0, 'evals': 1, 'test_error': 0.0}"
115,"[[0], [0, 0, 1, 1, 3, 0], [3, 3, 2], [1, 3], [0, 0], [0, 0], [0, 0, 0, 0, 0], [0, 0, 0, 0], [0, 2, 0, 2, 3, 0, 2, 7, 4, 4, 7, 0, 0, 9, 4, 0, 7, 9, 1]]",0.2785020287869441,"[1, 5, 2, 2, 1, 0, 3, 2, 18]",7,0.020+((((_exp_((x[0]-23.02)|_div_|74.47)))|_div_|((_sig_(0.009*(x[0]-40.79)))))|_div_|(x[0])),"{'generation': 0, 'evals': 1, 'test_error': 0.0}"
116,"[[0], [0, 1, 0, 1, 1, 0], [3, 2, 2], [3, 1, 1], [0, 0, 0], [0, 0], [0, 0, 0, 0, 0], [0, 0, 0], [0, 2, 0, 3, 7, 3, 3, 1, 4, 4, 3, 8, 2, 4, 7, 4, 5, 8, 1, 7, 2, 3, 5, 1, 4, 2]]",0.28295168640215224,"[1, 5, 2, 3, 0, 0, 5, 2, 26]",7,0.020+(((_sig_(0.373*(x[0]-31.44))))|_div_|(((_exp_((x[0]-38.24)|_div_|74.58)))*((_exp_((x[0]-17.23)|_div_|51.42))))),"{'generation': 0, 'evals': 1, 'test_error': 0.0}"
117,"[[0], [1, 0, 0, 3, 3, 0], [0, 0, 1, 1], [3, 2, 1], [0, 0], [0, 0], [0, 0, 0], [0, 0, 0], [0, 7, 5, 4, 1, 8, 8, 4, 7, 0, 7, 4, 9, 5, 5, 0, 8, 4, 7, 5, 6, 2, 4, 0, 2, 9, 7, 7, 4, 2, 2, 0]]",0.2904292714522829,"[1, 1, 0, 1, 0, 0, 1, 2, 10]",5,0.075+((_sig_(0.418*(x[0]-84.70)))),"{'generation': 0, 'evals': 1, 'test_error': 0.0}"
118,"[[0], [0, 4, 0, 0, 0, 3, 2, 1, 3], [3, 0, 1, 2], [3, 2], [0, 0, 0, 0], [0, 0, 0], [0, 0, 0], [0, 0, 0, 0], [3, 2, 9, 9, 2, 6, 8, 0, 3, 8, 7, 1, 6, 9, 6, 8, 3, 7]]",0.29231845669493983,"[1, 9, 4, 1, 3, 1, 2, 2, 14]",8,0.329+(((x[0]-33.941))|_div_|((((x[0])+(92.68))-((_sig_(0.038*(x[0]-71.69)))))*(x[0]))),"{'generation': 0, 'evals': 1, 'test_error': 0.0}"
119,"[[0], [0, 1, 1, 2, 4, 0], [1, 2, 2, 3, 3, 2, 2, 3], [3, 2], [0, 0], [0, 0], [0, 0, 0, 0, 0], [0, 0, 0], [0, 4, 4, 5, 1, 6, 2, 1, 2, 4, 7, 9, 7, 8, 6, 8, 7, 0]]",0.29562304782359033,"[1, 3, 1, 2, 0, 0, 3, 2, 18]",6,0.044+(((_sig_(0.516*(x[0]-21.24))))-((_exp_((x[0]-79.78)|_div_|68.70)))),"{'generation': 0, 'evals': 1, 'test_error': 0.0}"
120,"[[0], [1, 2, 0, 4, 3, 0], [3, 2, 1, 1], [3, 2, 1], [0, 0], [0, 0], [0, 0, 0], [0, 0, 0, 0], [0, 2, 2, 2, 4, 8, 8, 1, 1, 8, 7, 1, 3, 6, 7, 2, 8, 7]]",0.2976918048604257,"[1, 1, 0, 1, 0, 0, 1, 2, 10]",5,0.022+((_sig_(0.248*(x[0]-81.18)))),"{'generation': 0, 'evals': 1, 'test_error': 0.0}"
121,"[[0], [0, 1, 3, 1, 4, 0], [3, 2, 2, 3, 3, 2, 2, 3], [3, 2, 3, 1, 1], [0, 0, 0], [0, 0], [0, 0, 0], [0, 0, 0], [3, 2, 0, 2, 1, 3, 0, 1, 9, 6, 7, 3, 4, 0, 7, 2, 6, 5, 7, 5, 6, 2, 4, 0, 2, 9, 7, 7, 4, 2, 2, 0]]",0.30299470855344834,"[1, 3, 1, 1, 1, 0, 1, 2, 10]",6,0.320+(((_sig_(0.213*(x[0]-01.96))))|_div_|(x[0])),"{'generation': 0, 'evals': 1, 'test_error': 0.0}"
122,"[[0], [0, 1, 0, 2, 2, 4, 0, 1, 0, 3, 0, 0, 3, 0, 3, 4, 3, 3], [3, 2, 1, 1], [3, 1, 1], [0, 0], [0, 0], [0, 0, 0], [0, 0, 0, 0], [3, 5, 1, 2, 2, 9, 1, 1, 8, 9, 7, 1, 1, 5, 6, 3, 4, 8]]",0.30335690349547256,"[1, 5, 2, 1, 0, 0, 3, 2, 18]",6,0.351+(((_sig_(0.229*(x[0]-11.89))))|_div_|((71.15)*(63.48))),"{'generation': 0, 'evals': 1, 'test_error': 0.0}"
123,"[[0], [1, 2, 0, 4, 3, 0], [2, 2, 1, 1], [3, 2, 1], [0, 0], [0, 0], [0, 0, 0], [0, 0, 0, 0], [0, 2, 2, 3, 3, 8, 8, 1, 1, 8, 7, 1, 3, 6, 7, 2, 8, 7]]",0.30485458030132145,"[1, 1, 0, 1, 0, 0, 1, 2, 10]",5,0.022+((_sig_(0.338*(x[0]-81.18)))),"{'generation': 0, 'evals': 1, 'test_error': 0.0}"
124,"[[0], [0, 0, 0, 1, 3, 0, 0, 3, 0, 2, 2, 0, 3, 1, 0, 3, 2], [0, 3, 1, 1, 3, 2, 3, 0], [3, 1], [0, 0, 0, 0], [0, 0], [0, 0, 0, 0, 0, 0], [0, 0, 0], [0, 8, 9, 2, 1, 7, 8, 4, 6, 9, 7, 0, 4, 9, 6, 8, 0, 9, 9, 3, 3, 1, 9, 6, 3, 4, 9, 5, 3, 7]]",0.3054836647609625,"[1, 17, 8, 2, 4, 0, 6, 2, 30]",9,0.089+(((((_sig_(0.217*(x[0]-84.69))))+(x[0]))|_div_|(((x[0])-((70.49)-(68.09)))|_div_|((x[0])*((_exp_((x[0]-93.31)|_div_|96.34))))))|_div_|((x[0])+(95.37))),"{'generation': 0, 'evals': 1, 'test_error': 0.0}"
125,"[[0], [0, 1, 0, 1, 4, 0], [3, 1, 2], [3, 2, 1], [0, 0], [0, 0], [0, 0, 0], [0, 0, 0], [0, 2, 1, 6, 6, 3, 2, 6, 6, 4, 7, 6, 4, 6, 6, 8, 9, 1]]",0.33257251490694223,"[1, 5, 2, 2, 1, 1, 3, 2, 18]",7,0.021+(((_sig_(0.663*(x[0]-26.64))))|_div_|(((_exp_((x[0]-76.46)|_div_|68.91)))-((x[0]-33.941)))),"{'generation': 0, 'evals': 1, 'test_error': 0.0}"
126,"[[0], [0, 1, 2, 2, 3, 0, 1, 1], [3, 2, 2, 1], [3, 3, 0, 3], [0, 0], [0, 0], [0, 0, 0, 0, 0], [0, 0, 0], [4, 1, 4, 0, 1, 2, 0, 3, 4, 8, 1, 8, 2, 6, 5, 3, 3, 7, 6, 4, 1, 7, 4, 0, 7, 1]]",0.39968657769404536,"[1, 3, 1, 1, 0, 0, 2, 2, 14]",6,0.414+(((_sig_(0.012*(x[0]-03.48))))|_div_|(18.26)),"{'generation': 0, 'evals': 1, 'test_error': 0.0}"
127,"[[0], [0, 1, 1, 3, 0, 4, 0, 1, 0, 3, 0, 0, 3, 0, 3, 4, 3, 3], [2, 3, 2], [3, 2], [0, 0], [0, 0], [0, 0, 0], [0, 0, 0], [0, 3, 4, 2, 6, 7, 8, 3, 9, 4, 6, 5, 6, 9, 7, 1, 7, 5]]",0.39975327042091174,"[1, 3, 1, 2, 0, 0, 3, 2, 18]",6,0.034+(((_sig_(0.267*(x[0]-83.94))))*((_exp_((x[0]-65.69)|_div_|71.75)))),"{'generation': 0, 'evals': 1, 'test_error': 0.0}"
128,"[[0], [1, 1, 4, 0, 3, 0], [2, 2, 1, 1], [3, 3], [0, 0], [0, 0], [0, 0, 0], [0, 0, 0, 0], [0, 2, 0, 2, 3, 9, 7, 2, 1, 4, 7, 5, 9, 3, 7, 1, 8, 6]]",0.40153508826177214,"[1, 1, 0, 1, 0, 0, 1, 2, 10]",5,0.020+((_sig_(0.239*(x[0]-72.14)))),"{'generation': 0, 'evals': 1, 'test_error': 0.0}"
129,"[[0], [0, 1, 0, 3, 1, 0], [3, 1, 2, 3, 3, 2, 2, 3], [3, 1, 3, 1, 1], [0, 0], [0, 0], [0, 0, 0, 0, 0], [0, 0, 0, 0], [4, 3, 0, 9, 8, 4, 0, 4, 3, 6, 7, 3, 7, 0, 3, 3, 6, 5, 7, 5, 6, 2, 4, 0, 2, 9, 7, 7, 4, 2, 2, 0]]",0.4079001330241397,"[1, 5, 2, 2, 1, 0, 3, 2, 18]",7,0.430+(((_sig_(0.984*(x[0]-04.36))))|_div_|((x[0])-((_exp_((x[0]-73.70)|_div_|33.65))))),"{'generation': 0, 'evals': 1, 'test_error': 0.0}"
130,"[[0], [1, 0, 0, 3, 3, 0], [3, 2, 0, 1, 1, 0], [2, 3], [0, 0], [0, 0], [0, 0, 0], [0, 0, 0], [0, 6, 4, 9, 3, 1, 2, 2, 5, 4, 4, 1, 7, 2, 9, 8, 3, 9, 2]]",0.41075833815031887,"[1, 1, 0, 1, 0, 0, 2, 1, 11]",5,0.064+((_exp_((x[0]-93.12)|_div_|25.44))),"{'generation': 0, 'evals': 1, 'test_error': 0.0}"
131,"[[0], [0, 1, 2, 1, 0, 0, 3, 2, 2], [3, 2, 2, 0], [1, 3, 1], [0, 0], [0, 0], [0, 0, 0], [0, 0, 0], [4, 5, 4, 7, 5, 2, 2, 2, 5, 2, 6, 4, 9, 5, 3, 1, 7, 5]]",0.41721584436199133,"[1, 3, 1, 1, 0, 0, 3, 1, 15]",6,0.454+(((_exp_((x[0]-75.22)|_div_|25.26)))|_div_|(49.53)),"{'generation': 0, 'evals': 1, 'test_error': 0.0}"
132,"[[0], [0, 1, 0, 0, 3, 0, 0, 0, 4, 0, 1, 0, 1, 1, 4, 1, 2], [3, 2, 1, 1, 0, 3, 2, 1], [3, 1, 2, 3, 1], [0, 0, 0], [0, 0], [0, 0, 0, 0, 0, 0, 0, 0, 0], [0, 0, 0, 0], [4, 2, 0, 8, 3, 4, 2, 1, 2, 4, 7, 3, 5, 9, 1, 8, 7, 7, 0, 4, 8, 8, 3, 5, 6, 5, 0, 2, 6, 8, 5, 0, 8, 4, 3, 6, 0, 9, 2, 5, 6, 6, 5, 8, 3]]",0.4519743387561024,"[1, 17, 8, 5, 3, 2, 9, 3, 45]",13,0.420+(((_sig_(0.834*(x[0]-21.24))))|_div_|(((x[0])*(((((x[0]-33.941))-(((_exp_((x[0]-73.59)|_div_|18.77)))-(((_exp_((x[0]-04.88)|_div_|35.65)))+((_sig_(0.026*(x[0]-85.08)))))))|_div_|((x[0]-33.941)))*((_exp_((x[0]-43.60)|_div_|92.56)))))-(65.83))),"{'generation': 0, 'evals': 1, 'test_error': 0.0}"
133,"[[0], [0, 1, 0, 1, 1, 0], [3, 0, 2, 3, 3, 2, 2, 3], [3, 2, 3, 1, 1], [0, 0], [0, 0], [0, 0, 0, 0, 0], [0, 0, 0, 0], [2, 9, 0, 2, 1, 4, 6, 1, 6, 0, 7, 5, 4, 5, 8, 2, 6, 5, 7, 5, 6, 2, 4, 0, 2, 9, 7, 7, 4, 2, 2, 0]]",0.45381321458393376,"[1, 5, 2, 3, 0, 0, 4, 3, 25]",7,0.290+(((_sig_(0.214*(x[0]-61.60))))|_div_|(((_exp_((x[0]-75.45)|_div_|82.65)))+((_sig_(0.756*(x[0]-24.02)))))),"{'generation': 0, 'evals': 1, 'test_error': 0.0}"
134,"[[0], [1, 2, 1, 1, 4, 0], [3, 2, 0, 1], [3, 1, 1], [0, 0, 0, 0], [0, 0], [0, 0, 0, 0], [0, 0, 0, 0], [3, 2, 0, 5, 3, 6, 8, 4, 2, 8, 7, 1, 4, 9, 6, 8, 3, 7]]",0.454177688536135,"[1, 1, 0, 1, 0, 0, 1, 2, 10]",5,0.320+((_sig_(0.536*(x[0]-84.28)))),"{'generation': 0, 'evals': 1, 'test_error': 0.0}"
135,"[[0], [1, 4, 3, 2, 0, 0], [2, 2, 2], [3, 1], [0, 0, 0], [0, 0], [0, 0, 0], [0, 0, 0], [0, 5, 5, 3, 4, 4, 6, 9, 8, 3, 5, 1, 2, 7, 5, 3, 3, 4]]",0.45956233758350834,"[1, 1, 0, 1, 0, 0, 1, 2, 10]",5,0.055+((_sig_(0.344*(x[0]-69.83)))),"{'generation': 0, 'evals': 1, 'test_error': 0.0}"
136,"[[0], [0, 4, 2, 1, 1, 0, 1, 4, 2], [3, 2, 2, 3], [0, 2, 1], [0, 0], [0, 0], [0, 0, 0, 0, 0], [0, 0, 0], [1, 2, 2, 7, 4, 3, 2, 6, 7, 7, 5, 3, 2, 8, 7, 4, 7, 8]]",0.4641366849658622,"[1, 3, 1, 0, 1, 1, 1, 1, 7]",5,0.122+(((x[0]-33.941))|_div_|(74.32)),"{'generation': 0, 'evals': 1, 'test_error': 0.0}"
137,"[[0], [0, 1, 0, 4, 3, 0], [3, 2, 2, 3, 3, 2, 2, 3], [2, 2], [0, 0, 0], [0, 0], [0, 0, 0], [0, 0, 0], [5, 2, 0, 4, 4, 7, 2, 8, 2, 4, 1, 1, 4, 5, 1, 3, 9, 3]]",0.4784727935082139,"[1, 5, 2, 1, 2, 1, 2, 1, 11]",6,0.520+(((_exp_((x[0]-44.72)|_div_|82.41)))|_div_|(((x[0]-33.941))*(x[0]))),"{'generation': 0, 'evals': 1, 'test_error': 0.0}"
138,"[[0], [0, 1, 0, 2, 0, 4, 2], [3, 2, 1, 1], [3, 1, 1], [0, 0], [0, 0], [0, 0, 0], [0, 0, 0, 0], [5, 3, 0, 2, 5, 7, 2, 3, 0, 1, 6, 5, 9, 9, 6, 1, 7, 9]]",0.48644704996910054,"[1, 7, 3, 1, 1, 1, 3, 2, 18]",7,0.530+(((_sig_(0.257*(x[0]-23.01))))|_div_|((65.99)*(((x[0]-33.941))-(61.79)))),"{'generation': 0, 'evals': 1, 'test_error': 0.0}"
139,"[[0], [0, 1, 0, 1, 0, 0, 0, 0, 0, 2, 4, 1, 3, 0, 1, 0, 2, 0, 1, 1, 2], [3, 3, 2, 3, 3, 2, 2, 2, 2, 2], [1, 2, 1, 2, 1, 3], [0, 0], [0, 0], [0, 0, 0, 0, 0, 0, 0, 0, 0, 0, 0, 0, 0, 0], [0, 0, 0, 0], [4, 2, 4, 7, 3, 9, 2, 1, 1, 0, 7, 6, 4, 7, 1, 6, 8, 6, 2, 0, 5, 9, 9, 0, 3, 7, 4, 1, 1, 3, 1, 1, 9, 4, 3, 7, 3, 6, 6, 0, 6, 1, 2, 0, 0, 9, 2, 9, 2, 5, 8, 9, 8, 2, 9, 9, 6, 3, 1, 5, 5, 5]]",0.49102224756236507,"[1, 21, 10, 6, 2, 1, 14, 2, 62]",12,0.424+(((_exp_((x[0]-73.92)|_div_|11.07)))|_div_|(((_exp_((x[0]-64.71)|_div_|68.62)))|_div_|((((((05.99)*((x[0]-33.941)))|_div_|((_exp_((x[0]-03.74)|_div_|11.31))))|_div_|(x[0]))*(((_exp_((x[0]-19.43)|_div_|73.66)))*((06.12)*(((_exp_((x[0]-00.92)|_div_|92.58)))*((_sig_(0.982*(x[0]-99.63))))))))*(15.55)))),"{'generation': 0, 'evals': 1, 'test_error': 0.0}"
140,"[[0], [0, 1, 3, 0, 3, 0], [3, 2, 1, 1, 2, 2, 0, 0, 2], [1, 1, 3], [0, 0, 0, 0, 0, 0, 0], [0, 0], [0, 0, 0, 0, 0], [0, 0, 0], [5, 0, 0, 1, 6, 9, 1, 8, 8, 2, 7, 7, 2, 5, 2, 7, 8, 7, 4, 5, 5, 6, 3, 6, 0, 4]]",0.4939598128664109,"[1, 3, 1, 1, 1, 0, 2, 1, 11]",6,0.500+(((_exp_((x[0]-16.91)|_div_|88.27)))|_div_|(x[0])),"{'generation': 0, 'evals': 1, 'test_error': 0.0}"
141,"[[0], [1, 4, 0, 2, 0, 0], [3, 2, 2], [3, 1, 1], [0, 0], [0, 0], [0, 0, 0], [0, 0, 0, 0], [4, 8, 0, 8, 7, 9, 9, 1, 2, 0, 7, 9, 8, 9, 9, 2, 8, 5, 7, 5, 6, 2, 4, 0, 2, 9, 7, 7, 4, 2, 2, 0]]",0.5292348956857793,"[1, 1, 0, 1, 0, 0, 1, 2, 10]",5,0.480+((_sig_(0.879*(x[0]-91.20)))),"{'generation': 0, 'evals': 1, 'test_error': 0.0}"
142,"[[0], [0, 4, 0, 3, 2, 0], [3, 2, 1, 1], [3, 2, 3], [0, 0, 0, 0, 0], [0, 0], [0, 0, 0, 0], [0, 0, 0], [5, 2, 2, 2, 3, 7, 2, 1, 8, 8, 7, 1, 4, 7, 8, 5, 5, 4, 3, 4, 3, 8]]",0.5422737407251262,"[1, 5, 2, 0, 2, 1, 1, 1, 7]",6,0.522+(((x[0]-33.941))|_div_|((x[0])*(23.72))),"{'generation': 0, 'evals': 1, 'test_error': 0.0}"
143,"[[0], [0, 1, 0, 3, 1, 4, 0, 1, 0, 3, 0, 0, 3, 0, 3, 4, 3, 3], [3, 2, 1, 1], [2, 2, 1], [0, 0], [0, 0], [0, 0, 0, 0], [0, 0, 0, 0], [5, 8, 8, 9, 1, 1, 6, 3, 6, 7, 2, 2, 0, 7, 6, 6, 8, 8, 3]]",0.5437381485310616,"[1, 5, 2, 2, 1, 0, 4, 1, 19]",7,0.588+(((_exp_((x[0]-91.16)|_div_|36.72)))|_div_|((x[0])*((_exp_((x[0]-20.76)|_div_|68.83))))),"{'generation': 0, 'evals': 1, 'test_error': 0.0}"
144,"[[0], [0, 1, 3, 0, 4, 0], [3, 0, 1, 1], [3, 1, 1], [0, 0], [0, 0], [0, 0, 0], [0, 0, 0], [6, 2, 3, 8, 3, 4, 3, 1, 1, 4, 7, 1, 6, 2, 6, 3, 3, 7]]",0.5864406040269852,"[1, 3, 1, 1, 1, 0, 1, 2, 10]",6,0.623+(((_sig_(0.834*(x[0]-31.14))))|_div_|(x[0])),"{'generation': 0, 'evals': 1, 'test_error': 0.0}"
145,"[[0], [1, 4, 3, 1, 0, 0], [3, 2, 2], [3, 2, 1], [0, 0], [0, 0], [0, 0, 0], [0, 0, 0], [5, 8, 2, 2, 1, 8, 9, 2, 7, 7, 7, 8, 5, 6, 7, 5, 3, 8]]",0.6054707268602005,"[1, 1, 0, 1, 0, 0, 1, 2, 10]",5,0.582+((_sig_(0.218*(x[0]-92.77)))),"{'generation': 0, 'evals': 1, 'test_error': 0.0}"
146,"[[0], [0, 1, 3, 1, 3, 0], [3, 2, 1, 1], [3, 2], [0, 0], [0, 0], [0, 0, 0], [0, 0, 0, 0], [6, 3, 6, 2, 5, 7, 1, 5, 5, 9, 7, 6, 9, 5, 4, 1, 2, 5]]",0.605817742142295,"[1, 3, 1, 1, 1, 0, 1, 2, 10]",6,0.636+(((_sig_(0.257*(x[0]-15.59))))|_div_|(x[0])),"{'generation': 0, 'evals': 1, 'test_error': 0.0}"
147,"[[0], [1, 1, 0, 3, 0, 0, 3, 4, 3], [1, 1, 1, 1], [3, 0, 1], [0, 0, 0, 0], [0, 0], [0, 0, 0], [0, 0, 0], [0, 5, 0, 0, 2, 2, 2, 6, 2, 6, 7, 1, 7, 1, 7, 0, 8, 5, 7, 5, 6, 2, 4, 0, 2, 9, 7, 7, 4, 2, 2, 0]]",0.6091987352006419,"[1, 1, 0, 1, 0, 0, 1, 2, 10]",5,0.050+((_sig_(0.022*(x[0]-26.26)))),"{'generation': 0, 'evals': 1, 'test_error': 0.0}"
148,"[[0], [0, 1, 1, 1, 2, 0], [3, 2, 2], [3, 0, 2], [0, 0], [0, 0], [0, 0, 0, 0], [0, 0, 0], [3, 9, 3, 9, 6, 5, 4, 1, 0, 1, 8, 9, 7, 6, 9, 7, 9, 7]]",0.6361684560928701,"[1, 4, 1, 3, 0, 0, 3, 2, 18]",8,0.393+(((_sig_(0.965*(x[0]-41.01))))|_div_|((_exp_((_exp_((x[0]-89.76)|_div_|97.97)))))),"{'generation': 0, 'evals': 1, 'test_error': 0.0}"
149,"[[0], [0, 1, 0, 1, 4, 0], [3, 2, 2, 3, 3], [2, 2], [0, 0], [0, 0], [0, 0, 0, 0], [0, 0, 0], [6, 9, 4, 9, 9, 8, 3, 0, 0, 9, 5, 4, 4, 6, 3, 3, 0, 6, 6, 8, 7, 9, 5, 6, 9, 9]]",0.6456865786169087,"[1, 5, 2, 2, 1, 1, 4, 1, 19]",7,0.694+(((_exp_((x[0]-99.83)|_div_|00.95)))|_div_|(((_exp_((x[0]-44.63)|_div_|30.66)))*((x[0]-33.941)))),"{'generation': 0, 'evals': 1, 'test_error': 0.0}"
150,"[[0], [0, 1, 1, 1, 3, 0], [3, 0, 2], [3, 2], [0, 0], [0, 0], [0, 0, 0], [0, 0, 0, 0], [0, 2, 8, 5, 7, 8, 5, 1, 1, 2, 7, 1, 4, 9, 7, 2, 9, 7]]",0.6498544498543707,"[1, 3, 1, 2, 0, 0, 3, 2, 18]",6,0.028+(((_sig_(0.578*(x[0]-51.12))))|_div_|((_exp_((x[0]-71.49)|_div_|72.97)))),"{'generation': 0, 'evals': 1, 'test_error': 0.0}"
151,"[[0], [0, 4, 0, 2, 0, 0, 0, 3, 2, 2, 3], [3, 2, 2, 0, 1], [0, 3], [0, 0, 0], [0, 0, 0], [0, 0, 0], [0, 0, 0], [6, 9, 8, 3, 8, 9, 9, 1, 2, 0, 7, 9, 8, 9, 9, 2, 8, 5, 7, 5, 6, 2, 4, 0, 2, 9, 7, 7, 4, 2, 2, 0]]",0.6522583049460905,"[1, 11, 5, 0, 3, 1, 3, 1, 15]",9,0.698+(((x[0]-33.941))|_div_|((38.99)*((((x[0])*(12.07))+(98.99))-(x[0])))),"{'generation': 0, 'evals': 1, 'test_error': 0.0}"
152,"[[0], [0, 1, 4, 1, 3, 0], [3, 2, 1, 1], [3, 2, 3, 1, 1], [0, 0, 0], [0, 0], [0, 0, 0, 0, 0], [0, 0, 0], [7, 1, 4, 0, 9, 2, 9, 5, 2, 9, 7, 0, 0, 7, 6, 0, 8, 1]]",0.6679443935046014,"[1, 3, 1, 1, 1, 1, 1, 2, 10]",6,0.714+(((_sig_(0.092*(x[0]-95.29))))|_div_|((x[0]-33.941))),"{'generation': 0, 'evals': 1, 'test_error': 0.0}"
153,"[[0], [0, 1, 0, 0, 3, 0, 1, 4, 1], [3, 2, 2, 0], [3, 1, 2], [0, 0, 0], [0, 0], [0, 0, 0, 0, 0], [0, 0, 0], [7, 2, 3, 3, 7, 2, 2, 2, 3, 2, 0, 1, 8, 6, 2, 4, 9, 3, 2, 9, 0, 6, 7, 0, 2, 3]]",0.6758576031415838,"[1, 9, 4, 3, 2, 1, 5, 2, 26]",9,0.723+(((_sig_(0.372*(x[0]-22.32))))|_div_|(((x[0])*(((_exp_((x[0]-01.86)|_div_|24.93)))*((x[0]-33.941))))+((_exp_((x[0]-29.06)|_div_|70.23))))),"{'generation': 0, 'evals': 1, 'test_error': 0.0}"
154,"[[0], [0, 1, 1, 1, 3, 1], [1, 2, 2, 3, 3], [3, 2, 1], [0, 0], [0, 0], [0, 0, 0], [0, 0, 0], [0, 2, 2, 2, 8, 8, 8, 1, 8, 8, 7, 1, 9, 6, 7, 2, 8, 8]]",0.6840582370957469,"[1, 3, 1, 2, 0, 0, 3, 2, 18]",6,0.022+(((_sig_(0.288*(x[0]-81.88))))-((_exp_((x[0]-71.96)|_div_|72.88)))),"{'generation': 0, 'evals': 1, 'test_error': 0.0}"
155,"[[0], [0, 2, 0, 3, 3, 0], [3, 2, 2, 3, 3], [2, 2, 1], [0, 0], [0, 0], [0, 0, 0, 0], [0, 0, 0, 0], [0, 2, 0, 0, 5, 1, 2, 1, 9, 4, 3, 8, 6, 6, 7, 5, 0, 8]]",0.6930679394618972,"[1, 5, 2, 0, 2, 0, 1, 1, 7]",5,0.020+((05.12)|_div_|((x[0])*(x[0]))),"{'generation': 0, 'evals': 1, 'test_error': 0.0}"
156,"[[0], [0, 1, 0, 1, 1, 0], [1, 2, 1, 1], [3, 3, 1], [0, 0], [0, 0], [0, 0, 0, 0], [0, 0, 0], [0, 3, 0, 2, 3, 7, 8, 0, 2, 8, 7, 4, 4, 7, 7, 3, 4, 0, 5, 8, 3, 8, 0, 3, 1]]",0.7255262438180008,"[1, 5, 2, 3, 0, 0, 4, 3, 25]",7,0.030+(((_sig_(0.237*(x[0]-80.28))))-(((_sig_(0.744*(x[0]-77.34))))*((_exp_((x[0]-05.83)|_div_|80.31))))),"{'generation': 0, 'evals': 1, 'test_error': 0.0}"
157,"[[0], [0, 2, 0, 0, 3, 0, 1, 2, 2], [3, 0, 0, 1], [3, 1, 1], [0, 0], [0, 0], [0, 0, 0, 0], [0, 0, 0, 0], [0, 2, 4, 3, 0, 4, 2, 1, 2, 4, 7, 4, 5, 2, 7, 9, 7, 7, 4, 9, 6, 1, 4, 0, 2, 9, 7, 7, 4, 2, 2, 0]]",0.7318270272070927,"[1, 9, 4, 1, 1, 0, 4, 2, 22]",9,0.024+((30.42)|_div_|(((x[0])+(((_sig_(0.124*(x[0]-74.52))))+(79.77)))-(49.61))),"{'generation': 0, 'evals': 1, 'test_error': 0.0}"
158,"[[0], [0, 1, 2, 1, 0, 0], [3, 1, 1, 1], [3, 3, 3, 1, 1], [0, 0], [0, 0], [0, 0, 0], [0, 0, 0, 0], [7, 8, 0, 2, 6, 9, 2, 4, 7, 7, 7, 6, 8, 5, 2, 6, 2, 8]]",0.7410099602374838,"[1, 3, 1, 1, 0, 0, 2, 2, 14]",6,0.780+(((_sig_(0.269*(x[0]-24.77))))|_div_|(76.85)),"{'generation': 0, 'evals': 1, 'test_error': 0.0}"
159,"[[0], [0, 4, 0, 2, 3, 0], [3, 0, 2], [0, 2], [0, 0], [0, 0], [0, 0, 0, 0, 0], [0, 0, 0], [7, 2, 8, 9, 1, 9, 2, 4, 8, 8, 5, 1, 7, 6, 4, 4, 6, 6, 2, 1, 1, 1, 8]]",0.7418720270786493,"[1, 5, 2, 0, 2, 1, 1, 1, 7]",6,0.728+(((x[0]-33.941))|_div_|((91.92)+(x[0]))),"{'generation': 0, 'evals': 1, 'test_error': 0.0}"
160,"[[0], [0, 1, 0, 1, 3, 0], [3, 1, 2, 3, 3], [3, 1], [0, 0], [0, 0], [0, 0, 0, 0], [0, 0, 0], [8, 2, 0, 3, 8, 1, 2, 1, 9, 4, 7, 8, 6, 8, 7, 3, 3, 2]]",0.7560489454072647,"[1, 5, 2, 2, 1, 0, 3, 2, 18]",7,0.820+(((_sig_(0.381*(x[0]-21.94))))|_div_|(((_exp_((x[0]-78.68)|_div_|73.32)))-(x[0]))),"{'generation': 0, 'evals': 1, 'test_error': 0.0}"
161,"[[0], [0, 1, 0, 1, 3, 0], [3, 2, 2], [3, 2, 3, 0], [0, 0], [0, 0], [0, 0, 0], [0, 0, 0], [8, 2, 5, 4, 1, 8, 2, 3, 6, 3, 5, 9, 8, 2, 6, 2, 7, 9, 1, 5, 7, 0, 8, 1, 1, 0, 9, 5, 4, 3]]",0.7946460234410597,"[1, 5, 2, 2, 1, 0, 3, 2, 18]",7,0.825+(((_sig_(0.418*(x[0]-23.63))))|_div_|(((_exp_((x[0]-59.82)|_div_|62.79)))*(x[0]))),"{'generation': 0, 'evals': 1, 'test_error': 0.0}"
162,"[[0], [1, 2, 0, 4, 3, 0], [3, 2, 2, 3, 3, 2, 2, 3], [1, 2, 1], [0, 0], [0, 0], [0, 0, 0, 0, 0], [0, 0, 0, 0], [0, 2, 0, 8, 1, 8, 4, 1, 3, 4, 7, 1, 4, 2, 6, 8, 3, 7]]",0.8015770635198327,"[1, 1, 0, 1, 0, 0, 2, 1, 11]",5,0.020+((_exp_((x[0]-81.84)|_div_|13.47))),"{'generation': 0, 'evals': 1, 'test_error': 0.0}"
163,"[[0], [1, 1, 0, 1, 3, 0], [1, 0, 2, 3, 3], [3, 1], [0, 0], [0, 0], [0, 0, 0, 0], [0, 0, 0], [0, 2, 0, 2, 0, 4, 2, 1, 2, 8, 7, 1, 6, 6, 7, 2, 3, 8]]",0.8149672218959628,"[1, 1, 0, 1, 0, 0, 1, 2, 10]",5,0.020+((_sig_(0.204*(x[0]-21.28)))),"{'generation': 0, 'evals': 1, 'test_error': 0.0}"
164,"[[0], [1, 3, 0, 1, 3, 0], [0, 2, 1, 1], [3, 2, 3, 1, 1], [0, 0], [0, 0], [0, 0, 0], [0, 0, 0], [0, 5, 0, 2, 3, 6, 2, 6, 2, 2, 7, 1, 4, 9, 6, 8, 3, 7]]",0.8164381776971752,"[1, 1, 0, 1, 0, 0, 1, 2, 10]",5,0.050+((_sig_(0.236*(x[0]-26.22)))),"{'generation': 0, 'evals': 1, 'test_error': 0.0}"
165,"[[0], [1, 1, 0, 2, 3, 0], [3, 0, 2], [3, 1], [0, 0], [0, 0], [0, 0, 0], [0, 0, 0], [0, 2, 2, 3, 5, 0, 2, 3, 7, 2, 9, 3, 9, 0, 7, 9, 5, 1]]",0.8167775841290398,"[1, 1, 0, 1, 0, 0, 1, 2, 10]",5,0.022+((_sig_(0.350*(x[0]-23.72)))),"{'generation': 0, 'evals': 1, 'test_error': 0.0}"
166,"[[0], [0, 1, 4, 1, 1, 4, 0, 1, 0, 3, 0, 0, 3, 0, 3, 4, 3, 3], [3, 1, 1, 1], [3, 3, 1], [0, 0], [0, 0], [0, 0, 0], [0, 0, 0, 0], [8, 6, 9, 9, 1, 4, 8, 1, 3, 2, 9, 0, 6, 6, 6, 4, 2, 8]]",0.8225321450033708,"[1, 3, 1, 1, 1, 1, 1, 2, 10]",6,0.869+(((_sig_(0.914*(x[0]-81.32))))|_div_|((x[0]-33.941))),"{'generation': 0, 'evals': 1, 'test_error': 0.0}"
167,"[[0], [1, 1, 0, 1, 2, 0], [3, 2, 1, 1], [3, 2, 3, 1, 1], [0, 0], [0, 0], [0, 0, 0, 0, 0], [0, 0, 0, 0], [0, 2, 4, 2, 6, 5, 2, 1, 2, 9, 7, 5, 0, 5, 6, 8, 5, 1]]",0.8263355673883739,"[1, 1, 0, 1, 0, 0, 1, 2, 10]",5,0.024+((_sig_(0.265*(x[0]-21.29)))),"{'generation': 0, 'evals': 1, 'test_error': 0.0}"
168,"[[0], [1, 4, 4, 2, 3, 0], [3, 2, 2, 3, 3, 2, 2, 3], [3, 0], [0, 0], [0, 0], [0, 0, 0], [0, 0, 0, 0], [0, 9, 0, 2, 1, 4, 2, 9, 0, 1, 7, 5, 4, 0, 7, 7, 6, 5, 7, 5, 6, 2, 4, 0, 2, 9, 7, 7, 4, 2, 2, 0]]",0.8300191295231089,"[1, 1, 0, 1, 0, 0, 1, 2, 10]",5,0.090+((_sig_(0.214*(x[0]-29.01)))),"{'generation': 0, 'evals': 1, 'test_error': 0.0}"
169,"[[0], [1, 4, 3, 1, 0, 0], [3, 2, 1, 1], [3, 2, 1], [0, 0], [0, 0], [0, 0, 0], [0, 0, 0, 0], [0, 6, 8, 1, 6, 6, 2, 4, 0, 6, 7, 5, 4, 0, 7, 0, 6, 5, 7, 5, 6, 2, 4, 0, 2, 9, 7, 7, 4, 2, 2, 0]]",0.8334443860936306,"[1, 1, 0, 1, 0, 0, 1, 2, 10]",5,0.068+((_sig_(0.166*(x[0]-24.06)))),"{'generation': 0, 'evals': 1, 'test_error': 0.0}"
170,"[[0], [1, 1, 0, 1, 1, 1], [3, 1, 1, 1], [3, 1, 1], [0, 0], [0, 0], [0, 0, 0], [0, 0, 0, 0], [0, 2, 1, 3, 3, 6, 2, 0, 3, 0, 8, 3, 6, 9, 5, 7, 3, 3]]",0.8346309219688849,"[1, 1, 0, 1, 0, 0, 1, 2, 10]",5,0.021+((_sig_(0.336*(x[0]-20.30)))),"{'generation': 0, 'evals': 1, 'test_error': 0.0}"
171,"[[0], [1, 3, 0, 3, 3, 1], [3, 2, 1, 1], [3, 3], [0, 0], [0, 0], [0, 0, 0], [0, 0, 0], [0, 3, 0, 2, 5, 7, 2, 0, 3, 8, 7, 4, 7, 1, 0, 2, 3, 3]]",0.8358742814891581,"[1, 1, 0, 1, 0, 0, 1, 2, 10]",5,0.030+((_sig_(0.257*(x[0]-20.38)))),"{'generation': 0, 'evals': 1, 'test_error': 0.0}"
172,"[[0], [1, 3, 0, 1, 0, 0], [3, 2, 1, 1], [2, 2, 1], [0, 0], [0, 0], [0, 0, 0, 0], [0, 0, 0], [3, 0, 9, 8, 1, 8, 1, 3, 6, 5, 7, 1, 1, 6, 6, 3, 4, 8]]",0.8377946118121629,"[1, 1, 0, 1, 0, 0, 2, 1, 11]",5,0.309+((_exp_((x[0]-81.81)|_div_|36.57))),"{'generation': 0, 'evals': 1, 'test_error': 0.0}"
173,"[[0], [0, 1, 0, 1, 3, 0], [3, 2, 1, 1], [3, 1], [0, 0], [0, 0], [0, 0, 0], [0, 0, 0], [8, 7, 0, 2, 2, 8, 2, 1, 1, 7, 7, 1, 5, 9, 6, 7, 4, 2]]",0.8453698666070553,"[1, 5, 2, 2, 1, 0, 3, 2, 18]",7,0.870+(((_sig_(0.228*(x[0]-21.17))))|_div_|(((_exp_((x[0]-71.59)|_div_|67.42)))*(x[0]))),"{'generation': 0, 'evals': 1, 'test_error': 0.0}"
174,"[[0], [1, 1, 0, 1, 1], [3, 2, 1, 1], [3, 2, 1], [0, 0], [0, 0], [0, 0, 0], [0, 0, 0, 0], [0, 7, 6, 9, 1, 7, 2, 1, 4, 5, 2, 4, 8, 5, 2, 8, 8, 7, 7, 5, 6, 2, 4, 0, 2, 9, 7, 7, 4, 2, 2, 0]]",0.8897660563454645,"[1, 1, 0, 1, 0, 0, 1, 2, 10]",5,0.076+((_sig_(0.917*(x[0]-21.45)))),"{'generation': 0, 'evals': 1, 'test_error': 0.0}"
175,"[[0], [0, 1, 0, 1, 3, 0], [3, 2, 1, 1], [3, 1], [0, 0], [0, 0], [0, 0, 0], [0, 0, 0], [9, 2, 8, 3, 7, 8, 2, 1, 7, 2, 4, 1, 5, 6, 7, 4, 9, 7]]",0.8941836549160126,"[1, 5, 2, 2, 1, 0, 3, 2, 18]",7,0.928+(((_sig_(0.378*(x[0]-21.72))))|_div_|(((_exp_((x[0]-41.56)|_div_|74.97)))*(x[0]))),"{'generation': 0, 'evals': 1, 'test_error': 0.0}"
176,"[[0], [1, 2, 0, 4, 3, 0, 0, 3, 2, 3, 3, 0, 3, 0, 4, 3, 4, 3, 1, 1, 2], [3, 2, 1, 1, 3, 3, 1, 0, 0], [3, 0, 1, 0, 2], [0, 0, 0, 0, 0], [0, 0], [0, 0, 0, 0, 0, 0, 0], [0, 0, 0], [0, 1, 1, 9, 6, 5, 0, 2, 1, 4, 8, 7, 7, 5, 7, 6, 1, 6, 2, 9, 4, 5, 0, 2, 6, 8, 9, 3, 3, 5, 0, 3, 6, 0]]",0.8946275204402154,"[1, 1, 0, 1, 0, 0, 1, 2, 10]",5,0.011+((_sig_(0.965*(x[0]-02.14)))),"{'generation': 0, 'evals': 1, 'test_error': 0.0}"
177,"[[0], [1, 1, 3, 3, 3, 0], [1, 0, 1, 1], [3, 2], [0, 0], [0, 0], [0, 0, 0], [0, 0, 0], [0, 8, 6, 1, 7, 1, 1, 5, 0, 0, 7, 0, 6, 7, 7, 4, 5, 8]]",0.9010158411226202,"[1, 1, 0, 1, 0, 0, 1, 2, 10]",5,0.086+((_sig_(0.171*(x[0]-15.00)))),"{'generation': 0, 'evals': 1, 'test_error': 0.0}"
178,"[[0], [1, 0, 0, 3, 3, 0], [0, 0, 1, 1], [3, 3], [0, 0], [0, 0], [0, 0, 0], [0, 0, 0], [0, 2, 5, 4, 1, 7, 0, 1, 4, 4, 7, 4, 9, 5, 5, 0, 8, 4, 7, 5, 6, 2, 4, 0, 2, 9, 7, 7, 4, 2, 2, 0]]",0.905886859139146,"[1, 1, 0, 1, 0, 0, 1, 2, 10]",5,0.025+((_sig_(0.417*(x[0]-01.44)))),"{'generation': 0, 'evals': 1, 'test_error': 0.0}"
179,"[[0], [0, 1, 0, 3, 3], [2, 3, 2, 3, 3], [3, 1, 1], [0, 0], [0, 0], [0, 0, 0], [0, 0, 0], [0, 3, 2, 2, 3, 3, 0, 1, 1, 4, 8, 7, 6, 6, 7, 8, 9, 7]]",0.9077721732328282,"[1, 5, 2, 1, 2, 0, 1, 2, 10]",6,0.032+(((_sig_(0.233*(x[0]-01.14))))*((x[0])|_div_|(x[0]))),"{'generation': 0, 'evals': 1, 'test_error': 0.0}"
180,"[[0], [1, 4, 0, 2, 0, 0], [3, 2, 2], [2, 3], [0, 0], [0, 0, 0], [0, 0, 0], [0, 0, 0], [3, 7, 0, 9, 0, 2, 4, 7, 1, 3, 8, 4, 4, 8, 3, 4, 7, 5, 3, 1, 9, 2, 6, 8, 2, 3]]",0.9225496137501144,"[1, 1, 0, 1, 0, 0, 2, 1, 11]",5,0.370+((_exp_((x[0]-90.24)|_div_|71.38))),"{'generation': 0, 'evals': 1, 'test_error': 0.0}"
181,"[[0], [1, 2, 1, 1, 4, 0], [1, 2, 2], [3, 1, 1], [0, 0], [0, 0], [0, 0, 0, 0], [0, 0, 0], [3, 0, 1, 3, 8, 6, 3, 9, 8, 8, 5, 9, 9, 5, 3, 7, 9, 4, 5, 8, 7, 4, 5, 3, 1, 5]]",0.9430709072730643,"[1, 1, 0, 1, 0, 0, 1, 2, 10]",5,0.301+((_sig_(0.386*(x[0]-39.88)))),"{'generation': 0, 'evals': 1, 'test_error': 0.0}"
182,"[[0], [0, 4, 4, 3, 4, 0], [3, 2, 1, 1], [3, 2, 1], [0, 0], [0, 0], [0, 0, 0], [0, 0, 0], [0, 0, 0, 2, 2, 0, 6, 5, 0, 3, 2, 6, 4, 0, 8, 9, 5, 1]]",0.9514964516632815,"[1, 3, 1, 0, 2, 2, 0, 1, 3]",4,0.000+(((x[0]-33.941))|_div_|((x[0]-33.941))),"{'generation': 0, 'evals': 1, 'test_error': 0.0}"
183,"[[0], [0, 1, 0, 2, 3, 0], [3, 1, 1, 1], [2, 2], [0, 0], [0, 0], [0, 0, 0], [0, 0, 0], [0, 5, 9, 2, 5, 7, 2, 5, 5, 2, 7, 9, 9, 5, 6, 1, 4, 5]]",0.9572122568167238,"[1, 5, 2, 1, 1, 0, 3, 1, 15]",6,0.059+(((_exp_((x[0]-25.72)|_div_|55.27)))|_div_|((99.56)-(x[0]))),"{'generation': 0, 'evals': 1, 'test_error': 0.0}"
184,"[[0], [0, 1, 0, 1, 3, 0], [1, 3, 2, 3, 3], [3, 2, 1], [0, 0], [0, 0], [0, 0, 0], [0, 0, 0], [1, 2, 0, 2, 3, 9, 0, 6, 6, 4, 8, 4, 0, 7, 7, 6, 8, 6]]",0.961575380135222,"[1, 5, 2, 2, 1, 0, 3, 2, 18]",7,0.120+(((_sig_(0.239*(x[0]-06.64))))-(((_exp_((x[0]-84.07)|_div_|76.86)))|_div_|(x[0]))),"{'generation': 0, 'evals': 1, 'test_error': 0.0}"
185,"[[0], [1, 0, 0, 1, 3, 0], [3, 2, 1, 1], [3, 1], [0, 0], [0, 0], [0, 0, 0], [0, 0, 0], [2, 4, 0, 9, 8, 6, 2, 1, 2, 4, 7, 0, 4, 9, 1, 7, 1, 4]]",1.040501278892814,"[1, 1, 0, 1, 0, 0, 1, 2, 10]",5,0.240+((_sig_(0.986*(x[0]-21.24)))),"{'generation': 0, 'evals': 1, 'test_error': 0.0}"
186,"[[0], [1, 4, 3, 1, 0, 0], [3, 2, 2, 3, 3], [1, 1, 3, 1, 1], [0, 0], [0, 0], [0, 0, 0, 0, 0], [0, 0, 0, 0], [5, 3, 0, 9, 7, 5, 2, 0, 1, 1, 7, 6, 4, 5, 7, 6, 8, 6]]",1.0665622988447614,"[1, 1, 0, 1, 0, 0, 2, 1, 11]",5,0.530+((_exp_((x[0]-97.52)|_div_|01.17))),"{'generation': 0, 'evals': 1, 'test_error': 0.0}"
187,"[[0], [1, 1, 0, 0, 3, 0], [0, 1, 1, 1], [3, 1], [0, 0], [0, 0], [0, 0, 0, 0, 0], [0, 0, 0, 0], [2, 2, 6, 6, 3, 6, 1, 0, 3, 0, 8, 3, 7, 9, 5, 7, 4, 3]]",1.0704121253762988,"[1, 1, 0, 1, 0, 0, 1, 2, 10]",5,0.226+((_sig_(0.636*(x[0]-10.30)))),"{'generation': 0, 'evals': 1, 'test_error': 0.0}"
188,"[[0], [0, 1, 0, 1, 3, 2, 0, 3, 1, 3], [3, 2, 1, 1], [3, 0, 1], [0, 0, 0, 0, 0], [0, 0], [0, 0, 0], [0, 0, 0], [0, 3, 0, 3, 8, 7, 1, 9, 3, 3, 1, 1, 9, 5, 4, 3, 9, 4]]",1.0952742733176437,"[1, 6, 2, 2, 1, 0, 2, 2, 14]",7,0.030+(((_sig_(0.387*(x[0]-19.33))))|_div_|(((_exp_(x[0])))*(11.95))),"{'generation': 0, 'evals': 1, 'test_error': 0.0}"
189,"[[0], [1, 3, 0, 1, 0, 0], [3, 2, 1, 1], [3, 1, 1], [0, 0, 0, 0, 0], [0, 0], [0, 0, 0, 0], [0, 0, 0], [3, 6, 4, 2, 4, 4, 2, 1, 3, 9, 7, 1, 1, 6, 6, 3, 4, 8]]",1.1359424214488392,"[1, 1, 0, 1, 0, 0, 1, 2, 10]",5,0.364+((_sig_(0.244*(x[0]-21.39)))),"{'generation': 0, 'evals': 1, 'test_error': 0.0}"
190,"[[0], [0, 0, 0, 1, 1, 0, 4, 4, 1], [3, 1, 1, 1], [3, 2, 3, 1, 1], [0, 0], [0, 0], [0, 0, 0, 0], [0, 0, 0], [0, 3, 7, 8, 3, 4, 2, 1, 1, 0, 7, 1, 5, 4, 6, 3, 3, 7, 3, 9, 3, 8, 6, 1, 1]]",1.1676212155258496,"[1, 9, 4, 3, 2, 2, 4, 3, 25]",8,0.037+(((((_sig_(0.834*(x[0]-21.10))))|_div_|((_exp_((x[0]-71.54)|_div_|63.37))))-(((x[0]-33.941))-((x[0]-33.941))))-((_sig_(0.393*(x[0]-86.11))))),"{'generation': 0, 'evals': 1, 'test_error': 0.0}"
191,"[[0], [0, 1, 1, 2, 4, 4, 0, 1, 0, 3, 0, 0, 3, 0, 3, 4, 3, 3], [3, 1, 1, 1], [3, 1], [0, 0, 0, 0, 0], [0, 0], [0, 0, 0], [0, 0, 0, 0], [7, 4, 4, 2, 9, 9, 1, 9, 2, 0, 0, 7, 2, 4, 9, 7, 9, 4]]",1.2006099430679513,"[1, 3, 1, 2, 0, 0, 3, 2, 18]",6,0.744+(((_sig_(0.299*(x[0]-19.20))))|_div_|((_exp_((x[0]-07.24)|_div_|97.94)))),"{'generation': 0, 'evals': 1, 'test_error': 0.0}"
192,"[[0], [1, 2, 1, 1, 4, 0], [1, 2, 2], [3, 1, 1], [0, 0], [0, 0], [0, 0, 0], [0, 0, 0], [8, 3, 8, 3, 8, 7, 5, 9, 1, 9, 5, 9, 9, 5, 3, 7, 9, 4, 5, 8, 7, 4, 5, 3, 1, 5]]",1.2264573144781068,"[1, 1, 0, 1, 0, 0, 1, 2, 10]",5,0.838+((_sig_(0.387*(x[0]-59.19)))),"{'generation': 0, 'evals': 1, 'test_error': 0.0}"
193,"[[0], [0, 4, 4, 3, 1, 4, 0, 1, 0, 3, 0, 0, 3, 0, 3, 4, 3, 3], [3, 0, 2], [1, 1], [0, 0], [0, 0], [0, 0, 0, 0, 0, 0], [0, 0, 0], [2, 7, 7, 2, 9, 7, 2, 1, 8, 4, 6, 7, 4, 1, 8, 4, 5, 6, 5, 9, 2, 8, 8, 0, 2, 8, 3, 8, 9, 8]]",1.2284247350617041,"[1, 3, 1, 0, 2, 2, 0, 1, 3]",4,0.277+(((x[0]-33.941))|_div_|((x[0]-33.941))),"{'generation': 0, 'evals': 1, 'test_error': 0.0}"
194,"[[0], [0, 3, 2, 4, 2, 0], [3, 1, 2], [1, 0, 1], [0, 0], [0, 0], [0, 0, 0, 0], [0, 0, 0], [5, 2, 4, 6, 2, 5, 2, 1, 9, 2, 7, 8, 6, 6, 7, 3, 3, 8]]",1.2741983735513918,"[1, 3, 1, 0, 1, 0, 1, 1, 7]",5,0.524+((x[0])|_div_|(62.52)),"{'generation': 0, 'evals': 1, 'test_error': 0.0}"
195,"[[0], [0, 1, 0, 1, 1, 0], [3, 2, 2, 3, 3], [2, 1, 1], [0, 0], [0, 0], [0, 0, 0, 0, 0, 0], [0, 0, 0], [2, 7, 0, 2, 3, 4, 2, 1, 6, 4, 7, 1, 6, 9, 7, 3, 3, 8, 8, 1, 9, 5, 2, 5, 0, 0, 0]]",1.2838667380429203,"[1, 5, 2, 3, 0, 0, 6, 1, 27]",7,0.270+(((_exp_((x[0]-23.42)|_div_|16.47)))|_div_|(((_exp_((x[0]-16.97)|_div_|33.88)))*((_exp_((x[0]-19.52)|_div_|50.00))))),"{'generation': 0, 'evals': 1, 'test_error': 0.0}"
196,"[[0], [0, 3, 0, 1, 2, 0], [3, 2, 1, 1], [1, 0, 1], [0, 0], [0, 0], [0, 0, 0, 0], [0, 0, 0, 0], [8, 2, 4, 2, 4, 4, 4, 1, 6, 4, 7, 4, 5, 2, 0, 5, 2, 8, 4, 3, 9, 4]]",1.3277860167216853,"[1, 5, 2, 1, 1, 0, 3, 1, 15]",7,0.824+((x[0])|_div_|(((_exp_((x[0]-24.44)|_div_|16.47)))*(45.20))),"{'generation': 0, 'evals': 1, 'test_error': 0.0}"
197,"[[0], [1, 1, 0, 4, 1, 3, 0, 2, 0, 3, 0, 0, 3, 0, 3, 4, 3, 3], [3, 2, 2, 3, 3, 2, 2, 3], [3, 2, 1], [0, 0, 0, 0, 0, 0, 0], [0, 0], [0, 0, 0], [0, 0, 0], [5, 7, 6, 9, 9, 7, 2, 1, 4, 5, 4, 4, 4, 7, 7, 2, 8, 5, 7, 5, 6, 2, 4, 0, 2, 9, 7, 7, 4, 2, 2, 0]]",1.3549896756681712,"[1, 1, 0, 1, 0, 0, 1, 2, 10]",5,0.576+((_sig_(0.997*(x[0]-21.45)))),"{'generation': 0, 'evals': 1, 'test_error': 0.0}"
198,"[[0], [0, 2, 2, 1, 3, 0], [3, 2, 1, 1], [3, 1], [0, 0], [0, 0], [0, 0, 0], [0, 0, 0], [0, 2, 0, 2, 0, 2, 2, 1, 4, 4, 4, 7, 4, 9, 6, 6, 3, 5]]",1.3716760126705085,"[1, 3, 1, 0, 0, 0, 2, 1, 11]",5,0.020+((20.22)|_div_|(14.44)),"{'generation': 0, 'evals': 1, 'test_error': 0.0}"
199,"[[0], [1, 2, 0, 0, 3, 0], [3, 2, 2], [2, 3, 1], [0, 0], [0, 0], [0, 0, 0], [0, 0, 0], [0, 2, 5, 2, 1, 8, 2, 9, 2, 4, 6, 6, 4, 7, 9, 8, 3, 7]]",1.3824081010123226,"[1, 1, 0, 1, 0, 0, 2, 1, 11]",5,0.025+((_exp_((x[0]-21.82)|_div_|92.46))),"{'generation': 0, 'evals': 1, 'test_error': 0.0}"
200,"[[0], [0, 1, 1, 2, 3, 0], [3, 2, 2], [3, 1], [0, 0, 0], [0, 0], [0, 0, 0], [0, 0, 0], [9, 1, 0, 2, 0, 4, 5, 1, 1, 6, 7, 7, 4, 2, 7, 7, 6, 0, 7, 5, 6, 2, 4, 0, 2, 9, 7, 7, 4, 2, 2, 0]]",1.4239580746233165,"[1, 3, 1, 2, 0, 0, 3, 2, 18]",6,0.910+(((_sig_(0.204*(x[0]-51.16))))|_div_|((_exp_((x[0]-77.42)|_div_|77.60)))),"{'generation': 0, 'evals': 1, 'test_error': 0.0}"
201,"[[0], [0, 4, 4, 3, 1, 4, 0, 1, 0, 3, 0, 0, 3, 0, 3, 4, 3, 3], [3, 0, 2], [1, 1], [0, 0], [0, 0], [0, 0, 0, 0, 0, 0], [0, 0, 0, 0], [4, 7, 3, 2, 9, 7, 2, 1, 8, 4, 6, 7, 4, 1, 8, 4, 5, 6, 5, 9, 2, 8, 8, 0, 2, 8, 3, 8, 9, 8]]",1.4243908387479896,"[1, 3, 1, 0, 2, 2, 0, 1, 3]",4,0.473+(((x[0]-33.941))|_div_|((x[0]-33.941))),"{'generation': 0, 'evals': 1, 'test_error': 0.0}"
202,"[[0], [0, 1, 0, 4, 1, 0], [3, 2, 2], [3, 1], [0, 0], [0, 0], [0, 0, 0], [0, 0, 0], [7, 0, 1, 2, 3, 6, 3, 1, 2, 4, 3, 4, 8, 1, 6, 9, 9, 7]]",1.4251912980555208,"[1, 5, 2, 2, 1, 1, 3, 2, 18]",7,0.701+(((_sig_(0.236*(x[0]-31.24))))|_div_|(((x[0]-33.941))*((_exp_((x[0]-34.81)|_div_|69.97))))),"{'generation': 0, 'evals': 1, 'test_error': 0.0}"
203,"[[0], [0, 1, 1, 1, 3, 0], [3, 1, 1, 1], [1, 1, 3], [0, 0, 0], [0, 0], [0, 0, 0, 0], [0, 0, 0], [7, 1, 5, 5, 4, 4, 2, 6, 4, 5, 7, 4, 0, 2, 3, 5, 2, 8, 4, 5, 9, 2]]",1.4662220498083451,"[1, 3, 1, 2, 0, 0, 4, 1, 19]",6,0.715+(((_exp_((x[0]-54.42)|_div_|64.57)))|_div_|((_exp_((x[0]-40.23)|_div_|52.84)))),"{'generation': 0, 'evals': 1, 'test_error': 0.0}"
204,"[[0], [1, 1, 0, 1, 0, 2, 4], [3, 1, 1, 1], [3, 2], [0, 0], [0, 0], [0, 0, 0, 0], [0, 0, 0], [7, 2, 0, 7, 2, 1, 2, 1, 9, 2, 7, 8, 6, 5, 7, 3, 3, 8]]",1.4873363628631062,"[1, 1, 0, 1, 0, 0, 1, 2, 10]",5,0.720+((_sig_(0.721*(x[0]-21.92)))),"{'generation': 0, 'evals': 1, 'test_error': 0.0}"
205,"[[0], [0, 1, 0, 1, 3, 0, 4, 3], [3, 2, 1, 1], [3, 0], [0, 0, 0], [0, 0], [0, 0, 0], [0, 0, 0], [2, 3, 0, 3, 4, 7, 1, 9, 8, 3, 3, 1, 2, 7, 3, 0, 3, 4]]",1.5294330517351866,"[1, 8, 3, 2, 3, 1, 1, 2, 10]",7,0.230+(((_sig_(0.347*(x[0]-19.83))))|_div_|(((_exp_(x[0])))*(((x[0]-33.941))-(x[0])))),"{'generation': 0, 'evals': 1, 'test_error': 0.0}"
206,"[[0], [0, 1, 1, 1, 3, 0], [3, 1, 2], [3, 2, 1], [0, 0], [0, 0], [0, 0, 0], [0, 0, 0], [5, 2, 0, 1, 6, 4, 2, 0, 8, 1, 7, 6, 4, 9, 7, 6, 8, 6]]",1.5554151968471648,"[1, 3, 1, 2, 0, 0, 3, 2, 18]",6,0.520+(((_sig_(0.164*(x[0]-20.81))))|_div_|((_exp_((x[0]-76.49)|_div_|76.86)))),"{'generation': 0, 'evals': 1, 'test_error': 0.0}"
207,"[[0], [0, 1, 4, 1, 3, 0], [3, 0, 1, 1], [3, 0, 1], [0, 0], [0, 0], [0, 0, 0], [0, 0, 0], [0, 3, 8, 2, 3, 4, 2, 4, 9, 4, 6, 8, 7, 6, 7, 8, 9, 7]]",1.5985367414614737,"[1, 3, 1, 1, 1, 1, 1, 2, 10]",6,0.038+(((_sig_(0.234*(x[0]-24.94))))|_div_|((x[0]-33.941))),"{'generation': 0, 'evals': 1, 'test_error': 0.0}"
208,"[[0], [0, 2, 2, 1, 0, 0], [3, 1, 1, 1], [3, 1], [0, 0], [0, 0], [0, 0, 0], [0, 0, 0, 0], [5, 2, 3, 6, 3, 7, 0, 5, 6, 4, 7, 1, 4, 9, 6, 8, 9, 7]]",1.602399819574968,"[1, 3, 1, 0, 0, 0, 2, 1, 11]",5,0.523+((63.70)|_div_|(56.47)),"{'generation': 0, 'evals': 1, 'test_error': 0.0}"
209,"[[0], [1, 1, 2, 1, 2, 0], [2, 1, 1, 1], [0, 1], [0, 0, 0, 0, 0], [0, 0], [0, 0, 0, 0], [0, 0, 0, 0], [0, 6, 9, 9, 1, 2, 5, 1, 2, 9, 7, 6, 6, 6, 6, 4, 2, 8]]",1.6136225104143256,"[1, 2, 0, 2, 0, 0, 2, 1, 11]",7,0.069+((_exp_((_exp_((x[0]-91.25)|_div_|12.97))))),"{'generation': 0, 'evals': 1, 'test_error': 0.0}"
210,"[[0], [1, 4, 3, 1, 0, 0], [1, 3, 1, 1], [3, 2, 1], [0, 0, 0, 0, 0], [0, 0], [0, 0, 0], [0, 0, 0, 0], [8, 4, 8, 8, 5, 2, 1, 1, 2, 6, 7, 1, 7, 9, 7, 2, 9, 5, 7, 5, 6, 2, 4, 0, 2, 9, 7, 7, 4, 2, 2, 0]]",1.6673816140240245,"[1, 1, 0, 1, 0, 0, 1, 2, 10]",5,0.848+((_sig_(0.852*(x[0]-11.26)))),"{'generation': 0, 'evals': 1, 'test_error': 0.0}"
211,"[[0], [1, 4, 0, 2, 3, 1], [3, 3, 1, 1], [1, 2, 1], [0, 0], [0, 0], [0, 0, 0, 0, 0], [0, 0, 0, 0], [0, 2, 2, 1, 1, 0, 2, 7, 9, 3, 0, 5, 0, 2, 5, 4, 3, 1, 3, 6, 5, 3, 4, 6, 2, 3]]",1.7076723650702232,"[1, 1, 0, 1, 0, 0, 2, 1, 11]",5,0.022+((_exp_((x[0]-11.02)|_div_|79.30))),"{'generation': 0, 'evals': 1, 'test_error': 0.0}"
212,"[[0], [0, 3, 0, 4, 3, 0], [3, 2, 2], [0, 2, 3, 1, 1], [0, 0, 0], [0, 0], [0, 0, 0, 0, 0], [0, 0, 0], [0, 2, 1, 6, 3, 8, 2, 1, 3, 4, 7, 1, 4, 9, 6, 7, 9, 7]]",1.7899171874423883,"[1, 5, 2, 0, 3, 1, 0, 1, 3]",5,0.021+((x[0])|_div_|(((x[0]-33.941))*(x[0]))),"{'generation': 0, 'evals': 1, 'test_error': 0.0}"
213,"[[0], [0, 1, 0, 0, 3, 0, 3, 3, 4], [3, 2, 1, 1], [3, 1], [0, 0, 0, 0], [0, 0], [0, 0, 0], [0, 0, 0, 0], [3, 9, 8, 7, 1, 6, 2, 4, 8, 4, 9, 1, 7, 6, 4, 4, 6, 7, 2, 1, 1, 1, 8]]",1.7919278429530412,"[1, 9, 4, 1, 4, 1, 1, 2, 10]",7,0.398+(((_sig_(0.716*(x[0]-24.84))))|_div_|(((x[0])*((x[0])-(x[0])))-((x[0]-33.941)))),"{'generation': 0, 'evals': 1, 'test_error': 0.0}"
214,"[[0], [0, 1, 4, 1, 3, 0, 1, 2], [3, 2, 2, 3, 3], [3, 1], [0, 0, 0], [0, 0], [0, 0, 0, 0], [0, 0, 0], [0, 6, 6, 2, 7, 2, 0, 1, 5, 4, 9, 1, 4, 9, 1, 8, 3, 7]]",1.7944425898740464,"[1, 3, 1, 1, 1, 1, 1, 2, 10]",6,0.066+(((_sig_(0.272*(x[0]-01.54))))|_div_|((x[0]-33.941))),"{'generation': 0, 'evals': 1, 'test_error': 0.0}"
215,"[[0], [0, 1, 1, 4, 3, 0], [3, 2, 1, 1], [3, 2, 1], [0, 0, 0, 0, 0], [0, 0], [0, 0, 0], [0, 0, 0], [0, 2, 0, 8, 3, 1, 0, 1, 7, 1, 7, 2, 4, 9, 4, 8, 3, 4]]",1.8032115453799198,"[1, 3, 1, 2, 0, 0, 3, 2, 18]",6,0.020+(((_sig_(0.831*(x[0]-01.71))))|_div_|((_exp_((x[0]-72.49)|_div_|48.34)))),"{'generation': 0, 'evals': 1, 'test_error': 0.0}"
216,"[[0], [1, 1, 0, 3, 0, 0], [3, 2, 1, 1], [2, 1], [0, 0], [0, 0], [0, 0, 0], [0, 0, 0], [3, 8, 0, 2, 5, 1, 3, 7, 2, 6, 1, 5, 4, 5, 7, 6, 9, 2]]",1.8301417866731133,"[1, 1, 0, 1, 0, 0, 2, 1, 11]",5,0.380+((_exp_((x[0]-25.13)|_div_|72.61))),"{'generation': 0, 'evals': 1, 'test_error': 0.0}"
217,"[[0], [0, 3, 0, 4, 3, 0], [3, 2, 1, 1], [3, 2], [0, 0, 0, 0, 0], [0, 0], [0, 0, 0], [0, 0, 0], [4, 7, 0, 0, 1, 8, 2, 3, 8, 3, 7, 0, 9, 2, 6, 1, 8, 8]]",1.8854448325671995,"[1, 5, 2, 0, 3, 1, 0, 1, 3]",5,0.470+((x[0])|_div_|(((x[0]-33.941))*(x[0]))),"{'generation': 0, 'evals': 1, 'test_error': 0.0}"
218,"[[0], [0, 1, 0, 1, 1, 0], [3, 2, 2], [3, 1, 3], [0, 0], [0, 0], [0, 0, 0, 0], [0, 0, 0], [0, 3, 0, 2, 6, 7, 2, 2, 9, 0, 6, 3, 4, 9, 6, 3, 7, 9, 0, 0, 1, 4, 1, 9, 3]]",1.9464805656833455,"[1, 5, 2, 3, 0, 0, 4, 3, 25]",7,0.030+(((_sig_(0.267*(x[0]-22.90))))|_div_|(((_exp_((x[0]-63.49)|_div_|63.79)))*((_sig_(0.001*(x[0]-41.93)))))),"{'generation': 0, 'evals': 1, 'test_error': 0.0}"
219,"[[0], [1, 0, 0, 1, 1, 0], [3, 2, 2], [1, 2], [0, 0, 0], [0, 0], [0, 0, 0], [0, 0, 0], [6, 2, 0, 2, 3, 0, 6, 8, 2, 2, 7, 3, 0, 9, 6, 8, 8, 2]]",2.0081317400931904,"[1, 1, 0, 1, 0, 0, 2, 1, 11]",5,0.620+((_exp_((x[0]-23.06)|_div_|82.27))),"{'generation': 0, 'evals': 1, 'test_error': 0.0}"
220,"[[0], [1, 2, 3, 1, 3], [3, 0, 2, 3, 3, 2, 2, 3], [2, 2, 1], [0, 0], [0, 0], [0, 0, 0], [0, 0, 0], [5, 3, 2, 4, 1, 2, 5, 4, 3, 1, 6, 4, 9, 5, 6, 1, 1, 5]]",2.0243557893952424,"[1, 1, 0, 1, 0, 0, 2, 1, 11]",5,0.532+((_exp_((x[0]-41.25)|_div_|43.16))),"{'generation': 0, 'evals': 1, 'test_error': 0.0}"
221,"[[0], [0, 1, 4, 1, 3, 0], [3, 1, 1, 1], [1, 3, 1], [0, 0], [0, 0], [0, 0, 0], [0, 0, 0], [0, 2, 2, 3, 1, 8, 6, 1, 7, 0, 5, 5, 5, 6, 3, 4, 8, 9]]",2.0441520739414205,"[1, 3, 1, 1, 1, 1, 2, 1, 11]",6,0.022+(((_exp_((x[0]-31.86)|_div_|17.05)))|_div_|((x[0]-33.941))),"{'generation': 0, 'evals': 1, 'test_error': 0.0}"
222,"[[0], [1, 1, 0, 3, 3, 0], [3, 2, 1, 1], [0, 2], [0, 0], [0, 0], [0, 0, 0], [0, 0, 0, 0], [0, 3, 6, 8, 5, 2, 3, 9, 2, 4, 7, 1, 4, 9, 6, 8, 3, 7]]",2.0457592322752207,"[1, 2, 0, 2, 0, 0, 2, 1, 11]",7,0.036+((_exp_((_exp_((x[0]-85.23)|_div_|92.47))))),"{'generation': 0, 'evals': 1, 'test_error': 0.0}"
223,"[[0], [0, 1, 4, 3, 3, 0], [3, 2, 1, 1], [1, 2, 1], [0, 0], [0, 0], [0, 0, 0, 0, 0], [0, 0, 0, 0], [5, 7, 7, 2, 8, 4, 2, 8, 2, 7, 7, 6, 4, 2, 6, 3, 6, 6, 7, 1, 7, 6, 5]]",2.0475551922733057,"[1, 3, 1, 1, 1, 1, 2, 1, 11]",6,0.577+(((_exp_((x[0]-28.42)|_div_|82.77)))|_div_|((x[0]-33.941))),"{'generation': 0, 'evals': 1, 'test_error': 0.0}"
224,"[[0], [1, 0, 0, 1, 3, 0], [3, 2, 1, 1], [1, 1], [0, 0], [0, 0], [0, 0, 0], [0, 0, 0, 0], [7, 4, 5, 4, 1, 7, 2, 5, 1, 0, 4, 9, 0, 6, 1, 0, 8, 5, 7, 5, 6, 2, 4, 0, 2, 9, 7, 7, 4, 2, 2, 0]]",2.0505586311059067,"[1, 1, 0, 1, 0, 0, 2, 1, 11]",5,0.745+((_exp_((x[0]-41.72)|_div_|51.04))),"{'generation': 0, 'evals': 1, 'test_error': 0.0}"
225,"[[0], [1, 1, 2, 1, 3, 0], [3, 1, 2], [1, 3, 1, 1, 2], [0, 0, 0], [0, 0], [0, 0, 0], [0, 0, 0], [1, 9, 1, 1, 9, 2, 2, 5, 6, 4, 7, 8, 1, 0, 3, 8, 9, 7]]",2.122294269070968,"[1, 1, 0, 1, 0, 0, 2, 1, 11]",5,0.191+((_exp_((x[0]-19.22)|_div_|56.47))),"{'generation': 0, 'evals': 1, 'test_error': 0.0}"
226,"[[0], [0, 2, 2, 1, 3, 0], [3, 2, 2, 3, 3], [2, 3, 1], [0, 0], [0, 0], [0, 0, 0], [0, 0, 0], [4, 2, 5, 2, 2, 4, 1, 1, 2, 3, 7, 1, 6, 6, 7, 3, 3, 8]]",2.18795776083316,"[1, 3, 1, 0, 0, 0, 2, 1, 11]",5,0.425+((22.41)|_div_|(12.37)),"{'generation': 0, 'evals': 1, 'test_error': 0.0}"
227,"[[0], [0, 1, 0, 1, 3, 0], [3, 2, 1, 1], [1, 2, 3, 1, 1], [0, 0], [0, 0], [0, 0, 0, 0], [0, 0, 0, 0], [0, 2, 6, 2, 7, 6, 2, 7, 7, 0, 7, 9, 5, 2, 6, 3, 1, 7, 4]]",2.196443715239787,"[1, 5, 2, 2, 1, 0, 4, 1, 19]",7,0.026+(((_exp_((x[0]-27.62)|_div_|77.07)))|_div_|(((_exp_((x[0]-95.26)|_div_|31.74)))*(x[0]))),"{'generation': 0, 'evals': 1, 'test_error': 0.0}"
228,"[[0], [0, 3, 2, 1, 4, 0], [3, 2, 1, 1], [1, 2], [0, 0], [0, 0], [0, 0, 0], [0, 0, 0, 0], [1, 2, 8, 2, 3, 9, 3, 7, 8, 7, 7, 6, 4, 4, 8, 5, 5, 6]]",2.2975684778751755,"[1, 3, 1, 0, 1, 0, 1, 1, 7]",5,0.128+((x[0])|_div_|(23.93)),"{'generation': 0, 'evals': 1, 'test_error': 0.0}"
229,"[[0], [1, 1, 0, 1, 0, 0, 1, 3, 0, 4, 3, 4], [0, 1, 2, 0, 3], [1, 0, 1, 1], [0, 0, 0], [0, 0], [0, 0, 0, 0, 0, 0], [0, 0, 0], [4, 3, 0, 2, 5, 7, 4, 4, 9, 4, 6, 8, 7, 9, 4, 8, 0, 4, 3, 0, 8, 9, 8, 6, 3, 9, 3, 3, 9, 9]]",2.3297096224076776,"[1, 1, 0, 1, 0, 0, 2, 1, 11]",5,0.430+((_exp_((x[0]-25.74)|_div_|49.46))),"{'generation': 0, 'evals': 1, 'test_error': 0.0}"
230,"[[0], [0, 1, 1, 1, 3, 0, 1, 2], [0, 2, 2, 3, 3, 2, 2, 3], [3, 0, 1], [0, 0], [0, 0], [0, 0, 0], [0, 0, 0], [0, 5, 9, 7, 1, 4, 8, 1, 1, 9, 7, 6, 6, 6, 6, 4, 2, 8]]",2.3591459765452454,"[1, 4, 1, 3, 0, 0, 3, 2, 18]",8,0.059+(((_sig_(0.714*(x[0]-81.19))))+((_exp_((_exp_((x[0]-76.66)|_div_|64.28)))))),"{'generation': 0, 'evals': 1, 'test_error': 0.0}"
231,"[[0], [0, 1, 1, 1, 2, 0], [3, 2, 2, 3, 3, 2, 2, 3], [3, 2], [0, 0], [0, 0], [0, 0, 0], [0, 0, 0, 0], [4, 8, 0, 2, 6, 9, 2, 5, 4, 8, 7, 6, 7, 5, 2, 9, 2, 1]]",2.4476063349169674,"[1, 3, 1, 2, 0, 0, 3, 2, 18]",6,0.480+(((_sig_(0.269*(x[0]-25.48))))|_div_|((_exp_((x[0]-76.75)|_div_|29.21)))),"{'generation': 0, 'evals': 1, 'test_error': 0.0}"
232,"[[0], [0, 1, 0, 1, 3, 0], [3, 2, 2], [3, 1], [0, 0], [0, 0], [0, 0, 0], [0, 0, 0], [4, 2, 1, 2, 6, 6, 2, 2, 2, 4, 7, 1, 4, 9, 0, 8, 9, 3]]",2.6664488418704404,"[1, 5, 2, 2, 1, 0, 3, 2, 18]",7,0.421+(((_sig_(0.266*(x[0]-22.24))))|_div_|(((_exp_((x[0]-71.49)|_div_|08.93)))*(x[0]))),"{'generation': 0, 'evals': 1, 'test_error': 0.0}"
233,"[[0], [0, 1, 1, 2, 3, 1], [0, 2, 1, 1], [1, 2, 1], [0, 0], [0, 0], [0, 0, 0, 0, 0], [0, 0, 0, 0], [0, 8, 2, 1, 2, 0, 2, 7, 9, 3, 1, 6, 0, 2, 5, 4, 3, 1, 3, 6, 5, 3, 4, 6, 2, 3]]",2.753316242192061,"[1, 3, 1, 2, 0, 0, 4, 1, 19]",6,0.082+(((_exp_((x[0]-12.02)|_div_|79.31)))+((_exp_((x[0]-60.25)|_div_|43.13)))),"{'generation': 0, 'evals': 1, 'test_error': 0.0}"
234,"[[0], [0, 1, 0, 2, 2, 1], [3, 1, 2], [0, 2, 1], [0, 0], [0, 0], [0, 0, 0, 0, 0], [0, 0, 0], [0, 2, 3, 6, 6, 3, 7, 4, 6, 1, 7, 1, 4, 9, 6, 8, 9, 7, 7]]",2.7676030703187062,"[1, 6, 2, 2, 0, 0, 4, 1, 19]",8,0.023+(((_exp_((66.37)|_div_|(46.17))))-((_exp_((x[0]-14.96)|_div_|89.77)))),"{'generation': 0, 'evals': 1, 'test_error': 0.0}"
235,"[[0], [0, 1, 1, 1, 3, 0], [1, 2, 2], [3, 0, 1], [0, 0], [0, 0], [0, 0, 0], [0, 0, 0], [0, 5, 0, 5, 7, 7, 2, 5, 5, 8, 4, 4, 4, 8, 7, 3, 5, 0]]",2.831455612132551,"[1, 4, 1, 3, 0, 0, 3, 2, 18]",8,0.050+(((_sig_(0.577*(x[0]-25.58))))-((_exp_((_exp_((x[0]-44.48)|_div_|73.50)))))),"{'generation': 0, 'evals': 1, 'test_error': 0.0}"
236,"[[0], [0, 1, 2, 1, 3, 0], [3, 2, 2], [1, 1], [0, 0], [0, 0], [0, 0, 0], [0, 0, 0], [0, 7, 0, 3, 0, 7, 8, 1, 3, 3, 5, 1, 2, 7, 5, 0, 3, 0]]",2.9316816608250886,"[1, 3, 1, 1, 0, 0, 3, 1, 15]",6,0.070+(((_exp_((x[0]-30.78)|_div_|13.35)))|_div_|(12.75)),"{'generation': 0, 'evals': 1, 'test_error': 0.0}"
237,"[[0], [0, 2, 3, 4, 3, 0], [3, 0, 2], [1, 1], [0, 0], [0, 0], [0, 0, 0, 0], [0, 0, 0], [0, 2, 3, 2, 0, 0, 2, 1, 2, 4, 7, 1, 6, 6, 7, 3, 3, 8]]",3.1376674222475134,"[1, 3, 1, 0, 1, 0, 1, 1, 7]",5,0.023+((20.02)|_div_|(x[0])),"{'generation': 0, 'evals': 1, 'test_error': 0.0}"
238,"[[0], [1, 1, 0, 1, 2, 0], [3, 2, 1, 1], [1, 1], [0, 0, 0, 0, 0], [0, 0], [0, 0, 0], [0, 0, 0], [0, 7, 1, 2, 4, 2, 8, 3, 5, 2, 7, 4, 9, 5, 6, 1, 1, 5]]",3.137839799841552,"[1, 1, 0, 1, 0, 0, 2, 1, 11]",5,0.071+((_exp_((x[0]-24.28)|_div_|35.27))),"{'generation': 0, 'evals': 1, 'test_error': 0.0}"
239,"[[0], [0, 1, 0, 1, 4, 0], [3, 2, 1, 1], [3, 1], [0, 0], [0, 0], [0, 0, 0, 0, 0], [0, 0, 0], [6, 2, 0, 1, 1, 8, 1, 1, 3, 0, 7, 1, 4, 2, 5, 8, 3, 4]]",3.2982640078696206,"[1, 5, 2, 2, 1, 1, 3, 2, 18]",7,0.620+(((_sig_(0.118*(x[0]-11.30))))|_div_|(((_exp_((x[0]-71.42)|_div_|58.34)))*((x[0]-33.941)))),"{'generation': 0, 'evals': 1, 'test_error': 0.0}"
240,"[[0], [0, 1, 1, 1, 0, 0], [3, 1, 1, 1], [1, 2, 1], [0, 0], [0, 0], [0, 0, 0, 0, 0], [0, 0, 0, 0], [0, 2, 7, 2, 8, 2, 2, 1, 7, 7, 7, 3, 2, 2, 6, 3, 8, 7, 4, 1, 1, 4, 5]]",3.4345059682716172,"[1, 3, 1, 2, 0, 0, 4, 1, 19]",6,0.027+(((_exp_((x[0]-28.22)|_div_|17.77)))|_div_|((_exp_((x[0]-32.26)|_div_|38.74)))),"{'generation': 0, 'evals': 1, 'test_error': 0.0}"
241,"[[0], [0, 2, 0, 3, 3, 0], [3, 2, 2], [3, 1], [0, 0], [0, 0], [0, 0, 0], [0, 0, 0], [5, 2, 5, 2, 5, 7, 2, 1, 2, 9, 7, 1, 2, 9, 2, 8, 9, 9]]",3.606176721890969,"[1, 5, 2, 0, 2, 0, 1, 1, 7]",5,0.525+((25.72)|_div_|((x[0])*(x[0]))),"{'generation': 0, 'evals': 1, 'test_error': 0.0}"
242,"[[0], [0, 2, 3, 1, 4, 0], [3, 2, 1, 1], [3, 2], [0, 0, 0], [0, 0], [0, 0, 0], [0, 0, 0], [0, 1, 0, 2, 4, 0, 2, 1, 6, 4, 7, 1, 8, 9, 6, 3, 1, 5]]",3.7645135784090527,"[1, 3, 1, 0, 1, 0, 1, 1, 7]",5,0.010+((24.02)|_div_|(x[0])),"{'generation': 0, 'evals': 1, 'test_error': 0.0}"
243,"[[0], [0, 2, 3, 1, 3, 0], [3, 1, 2], [3, 2, 1], [0, 0], [0, 0], [0, 0, 0, 0], [0, 0, 0], [4, 2, 0, 2, 5, 9, 2, 2, 1, 4, 3, 6, 4, 5, 7, 6, 8, 6, 0]]",4.122169065772744,"[1, 3, 1, 0, 1, 0, 1, 1, 7]",5,0.420+((25.92)|_div_|(x[0])),"{'generation': 0, 'evals': 1, 'test_error': 0.0}"
244,"[[0], [1, 1, 3, 1, 2, 0], [3, 2, 1, 1], [0, 1], [0, 0], [0, 0], [0, 0, 0, 0], [0, 0, 0], [0, 2, 3, 2, 3, 4, 4, 9, 7, 5, 2, 1, 6, 2, 6, 2, 0, 4, 9, 0, 0, 5]]",4.244418577148772,"[1, 2, 0, 2, 0, 0, 2, 1, 11]",7,0.023+((_exp_((_exp_((x[0]-23.44)|_div_|97.52))))),"{'generation': 0, 'evals': 1, 'test_error': 0.0}"
245,"[[0], [0, 4, 0, 3, 3, 0], [3, 2, 2, 3, 3, 2, 2, 3], [0, 2], [0, 0, 0], [0, 0], [0, 0, 0], [0, 0, 0], [8, 2, 3, 2, 1, 8, 2, 8, 9, 2, 7, 4, 6, 0, 7, 1, 9, 7]]",4.525272320085566,"[1, 5, 2, 0, 3, 1, 0, 1, 3]",5,0.823+(((x[0]-33.941))|_div_|((x[0])*(x[0]))),"{'generation': 0, 'evals': 1, 'test_error': 0.0}"
246,"[[0], [0, 1, 0, 1, 1, 0], [3, 2, 1, 1], [3, 1, 2], [0, 0], [0, 0], [0, 0, 0, 0, 0], [0, 0, 0], [0, 2, 0, 2, 3, 7, 2, 1, 2, 1, 7, 1, 4, 9, 4, 8, 3, 7, 8, 0, 6, 7, 3, 4, 3, 5]]",4.565707084913187,"[1, 5, 2, 3, 0, 0, 5, 2, 26]",7,0.020+(((_sig_(0.237*(x[0]-21.21))))|_div_|(((_exp_((x[0]-71.49)|_div_|48.37)))*((_exp_((x[0]-80.67)|_div_|34.35))))),"{'generation': 0, 'evals': 1, 'test_error': 0.0}"
247,"[[0], [0, 2, 3, 3, 3], [3, 2, 1, 1], [3, 0], [0, 0], [0, 0], [0, 0, 0], [0, 0, 0], [0, 3, 0, 3, 0, 9, 2, 3, 2, 5, 7, 0, 4, 9, 6, 1, 7, 9]]",4.8499533261842585,"[1, 3, 1, 0, 1, 0, 1, 1, 7]",5,0.030+((30.92)|_div_|(x[0])),"{'generation': 0, 'evals': 1, 'test_error': 0.0}"
248,"[[0], [2, 1, 0, 3, 3, 0], [3, 2, 2], [3, 1], [0, 0], [0, 0], [0, 0, 0, 0], [0, 0, 0], [0, 2, 2, 0, 5, 2, 2, 1, 0, 2, 7, 7, 6, 6, 7, 3, 3, 8, 4]]",5.193236661412321,"[1, 1, 0, 0, 0, 0, 1, 1, 7]",4,0.022+(05.22),"{'generation': 0, 'evals': 1, 'test_error': 0.0}"
249,"[[0], [0, 4, 3, 1, 4, 0], [3, 2, 1, 1], [3, 1], [0, 0], [0, 0], [0, 0, 0], [0, 0, 0], [0, 2, 0, 2, 5, 4, 2, 9, 2, 4, 7, 1, 6, 6, 7, 3, 3, 8]]",5.320372411515507,"[1, 3, 1, 0, 2, 1, 0, 1, 3]",4,0.020+(((x[0]-33.941))|_div_|(x[0])),"{'generation': 0, 'evals': 1, 'test_error': 0.0}"
250,"[[0], [0, 4, 3, 2, 1, 4, 0, 1, 0, 3, 0, 0, 3, 0, 3, 4, 3, 3], [3, 1, 2], [3, 2], [0, 0], [0, 0], [0, 0, 0], [0, 0, 0, 0], [0, 2, 2, 4, 1, 3, 2, 1, 7, 0, 9, 9, 5, 6, 7, 4, 6, 9]]",5.320528230599985,"[1, 3, 1, 0, 2, 1, 0, 1, 3]",4,0.022+(((x[0]-33.941))|_div_|(x[0])),"{'generation': 0, 'evals': 1, 'test_error': 0.0}"
251,"[[0], [0, 4, 3, 1, 3, 0], [3, 2, 2], [1, 2, 1], [0, 0], [0, 0], [0, 0, 0], [0, 0, 0], [0, 2, 3, 2, 3, 4, 2, 2, 1, 4, 7, 6, 4, 5, 7, 6, 8, 6]]",5.320606420353741,"[1, 3, 1, 0, 2, 1, 0, 1, 3]",4,0.023+(((x[0]-33.941))|_div_|(x[0])),"{'generation': 0, 'evals': 1, 'test_error': 0.0}"
252,"[[0], [0, 4, 0, 1, 3, 0], [3, 2, 2, 3, 3, 2, 2, 3], [1, 1, 3, 1, 1], [0, 0], [0, 0], [0, 0, 0, 0, 0], [0, 0, 0], [0, 6, 0, 0, 6, 5, 2, 7, 2, 9, 1, 1, 0, 5, 4, 8, 9, 2, 6]]",5.863510864750246,"[1, 5, 2, 1, 2, 1, 2, 1, 11]",7,0.060+(((x[0]-33.941))|_div_|(((_exp_((x[0]-06.52)|_div_|72.91)))*(x[0]))),"{'generation': 0, 'evals': 1, 'test_error': 0.0}"
253,"[[0], [0, 1, 0, 1, 3, 0], [3, 3, 2], [3, 2, 1], [0, 0], [0, 0], [0, 0, 0], [0, 0, 0], [9, 3, 5, 3, 8, 7, 8, 9, 3, 5, 5, 1, 7, 7, 3, 3, 9, 4]]",6.1148066565952535,"[1, 5, 2, 2, 1, 0, 3, 2, 18]",7,0.935+(((_sig_(0.387*(x[0]-89.35))))|_div_|(((_exp_((x[0]-51.77)|_div_|33.94)))|_div_|(x[0]))),"{'generation': 0, 'evals': 1, 'test_error': 0.0}"
254,"[[0], [1, 1, 3, 4, 2, 0], [0, 3, 1, 1], [0, 2, 1], [0, 0], [0, 0], [0, 0, 0], [0, 0, 0], [0, 8, 9, 1, 3, 7, 2, 8, 0, 9, 7, 6, 4, 9, 6, 8, 3, 7]]",6.649879307339912,"[1, 2, 0, 2, 0, 0, 2, 1, 11]",7,0.089+((_exp_((_exp_((x[0]-13.72)|_div_|80.97))))),"{'generation': 0, 'evals': 1, 'test_error': 0.0}"
255,"[[0], [0, 4, 0, 1, 3, 1], [3, 2, 1, 1], [2, 1], [0, 0], [0, 0], [0, 0, 0, 0], [0, 0, 0], [0, 2, 0, 2, 3, 3, 5, 9, 2, 5, 4, 3, 0, 9, 6, 4, 2, 2]]",6.882237397810914,"[1, 5, 2, 1, 2, 1, 2, 1, 11]",7,0.020+(((x[0]-33.941))|_div_|(((_exp_((x[0]-23.35)|_div_|92.54)))*(x[0]))),"{'generation': 0, 'evals': 1, 'test_error': 0.0}"
256,"[[0], [1, 1, 3, 1, 4, 0], [3, 2, 1, 1], [2, 2], [0, 0], [0, 0], [0, 0, 0], [0, 0, 0], [0, 2, 0, 3, 5, 3, 2, 1, 9, 0, 7, 8, 6, 6, 7, 7, 3, 8]]",7.482497536352497,"[1, 1, 0, 1, 0, 0, 2, 1, 11]",5,0.020+((_exp_((x[0]-35.32)|_div_|19.07))),"{'generation': 0, 'evals': 1, 'test_error': 0.0}"
257,"[[0], [0, 2, 0, 1, 3], [3, 2, 1, 1], [2, 2, 1], [0, 0], [0, 0], [0, 0, 0], [0, 0, 0], [0, 3, 7, 2, 6, 1, 7, 3, 5, 1, 6, 5, 0, 9, 6, 1, 7, 3]]",8.166475136874631,"[1, 5, 2, 1, 1, 0, 3, 1, 15]",7,0.037+((26.17)|_div_|(((_exp_((x[0]-35.16)|_div_|50.96)))*(x[0]))),"{'generation': 0, 'evals': 1, 'test_error': 0.0}"
258,"[[0], [2, 1, 3, 1, 4, 0], [3, 2, 1, 1], [2, 0], [0, 0], [0, 0], [0, 0, 0], [0, 0, 0], [6, 3, 1, 0, 8, 4, 2, 1, 2, 0, 6, 1, 0, 6, 7, 3, 6, 8]]",9.002212008898717,"[1, 1, 0, 0, 0, 0, 1, 1, 7]",4,0.631+(08.42),"{'generation': 0, 'evals': 1, 'test_error': 0.0}"
259,"[[0], [0, 3, 0, 0, 4, 3, 2, 1, 0], [3, 2, 1, 1], [0, 1], [0, 0, 0, 0, 0], [0, 0], [0, 0, 0, 0], [0, 0, 0, 0], [0, 3, 9, 7, 3, 7, 1, 9, 3, 3, 8, 5, 0, 5, 4, 7, 9, 4]]",9.162615019650282,"[1, 7, 3, 0, 3, 1, 1, 1, 7]",6,0.039+((x[0])|_div_|((((x[0]-33.941))*(x[0]))-(73.71))),"{'generation': 0, 'evals': 1, 'test_error': 0.0}"
260,"[[0], [0, 1, 2, 1, 3, 0], [1, 0, 1, 1], [2, 1], [0, 0], [0, 0], [0, 0, 0], [0, 0, 0], [0, 3, 7, 4, 5, 2, 2, 5, 1, 6, 4, 1, 0, 8, 1, 0, 8, 5, 7, 5, 6, 2, 4, 0, 2, 9, 7, 7, 4, 2, 2, 0]]",9.698780456332454,"[1, 3, 1, 1, 0, 0, 3, 1, 15]",6,0.037+(((_exp_((x[0]-45.22)|_div_|51.64)))-(10.81)),"{'generation': 0, 'evals': 1, 'test_error': 0.0}"
261,"[[0], [2, 1, 2, 3, 3, 0], [3, 0, 1, 1], [1, 1], [0, 0, 0], [0, 0], [0, 0, 0], [0, 0, 0, 0], [1, 1, 2, 1, 0, 2, 4, 4, 8, 4, 7, 2, 6, 6, 6, 8, 3, 7]]",10.30320776473559,"[1, 1, 0, 0, 0, 0, 1, 1, 7]",4,0.112+(10.24),"{'generation': 0, 'evals': 1, 'test_error': 0.0}"
262,"[[0], [2, 4, 0, 2, 4, 4, 0, 1, 0, 3, 0, 0, 3, 0, 3, 4, 3, 3], [3, 2, 2], [0, 1, 1], [0, 0], [0, 0], [0, 0, 0], [0, 0, 0, 0], [1, 5, 4, 1, 0, 8, 7, 0, 6, 4, 7, 8, 5, 6, 7, 5, 3, 8]]",10.97520596660817,"[1, 1, 0, 0, 0, 0, 1, 1, 7]",4,0.154+(10.87),"{'generation': 0, 'evals': 1, 'test_error': 0.0}"
263,"[[0], [0, 4, 0, 2, 4, 4, 0, 1, 0, 3, 0, 0, 3, 0, 3, 4, 3, 3], [3, 0, 2], [3, 2], [0, 0], [0, 0], [0, 0, 0], [0, 0, 0], [0, 2, 5, 4, 3, 7, 9, 1, 2, 4, 7, 1, 4, 9, 6, 8, 3, 7]]",12.82297561908611,"[1, 5, 2, 0, 2, 2, 1, 1, 7]",6,0.025+(((x[0]-33.941))|_div_|((43.79)+((x[0]-33.941)))),"{'generation': 0, 'evals': 1, 'test_error': 0.0}"
264,"[[0], [2, 1, 0, 1, 3, 0], [3, 1, 1, 1], [3, 1, 3, 1, 1], [0, 0], [0, 0], [0, 0, 0, 0, 0], [0, 0, 0, 0], [0, 9, 5, 1, 3, 4, 2, 1, 8, 0, 7, 5, 2, 2, 6, 5, 3, 1]]",13.46620086681965,"[1, 1, 0, 0, 0, 0, 1, 1, 7]",4,0.095+(13.42),"{'generation': 0, 'evals': 1, 'test_error': 0.0}"
265,"[[0], [1, 1, 3, 1, 4, 0], [0, 2, 2, 3, 3], [1, 1, 1], [0, 0], [0, 0], [0, 0, 0], [0, 0, 0, 0], [2, 7, 0, 1, 2, 6, 1, 2, 2, 3, 6, 1, 0, 6, 7, 3, 6, 8]]",13.924040594734794,"[1, 1, 0, 1, 0, 0, 2, 1, 11]",5,0.270+((_exp_((x[0]-12.61)|_div_|22.36))),"{'generation': 0, 'evals': 1, 'test_error': 0.0}"
266,"[[0], [2, 1, 0, 3, 2, 0], [1, 2, 1, 1], [0, 1, 1], [0, 0], [0, 0], [0, 0, 0, 0, 0], [0, 0, 0, 0], [0, 3, 0, 1, 4, 1, 1, 1, 8, 3, 5, 1, 9, 5, 3, 5, 9, 4]]",14.091199870214686,"[1, 1, 0, 0, 0, 0, 1, 1, 7]",4,0.030+(14.11),"{'generation': 0, 'evals': 1, 'test_error': 0.0}"
267,"[[0], [0, 4, 0, 1, 3, 0], [3, 1, 2], [1, 1], [0, 0], [0, 0], [0, 0, 0, 0], [0, 0, 0], [0, 2, 3, 1, 8, 8, 2, 8, 1, 5, 2, 1, 4, 9, 7, 2, 9, 1, 1]]",14.286825071733404,"[1, 5, 2, 1, 2, 1, 2, 1, 11]",7,0.023+(((x[0]-33.941))|_div_|(((_exp_((x[0]-18.82)|_div_|81.52)))-(x[0]))),"{'generation': 0, 'evals': 1, 'test_error': 0.0}"
268,"[[0], [0, 4, 1, 1, 3, 0], [3, 2, 1, 1], [0, 1], [0, 0], [0, 0], [0, 0, 0], [0, 0, 0], [0, 2, 0, 2, 3, 4, 0, 1, 4, 0, 7, 1, 9, 1, 6, 8, 3, 9]]",14.937225702850103,"[1, 4, 1, 2, 1, 1, 2, 1, 11]",8,0.020+(((x[0]-33.941))|_div_|((_exp_((_exp_((x[0]-23.40)|_div_|14.07)))))),"{'generation': 0, 'evals': 1, 'test_error': 0.0}"
269,"[[0], [0, 1, 0, 4, 3, 0], [3, 3, 1, 1], [1, 2, 1], [0, 0], [0, 0], [0, 0, 0], [0, 0, 0, 0], [0, 2, 0, 5, 5, 9, 2, 1, 4, 5, 0, 1, 5, 6, 3, 7, 0, 6]]",15.306752394896845,"[1, 5, 2, 1, 2, 1, 2, 1, 11]",6,0.020+(((_exp_((x[0]-55.92)|_div_|14.50)))|_div_|(((x[0]-33.941))|_div_|(x[0]))),"{'generation': 0, 'evals': 1, 'test_error': 0.0}"
270,"[[0], [0, 1, 1, 1, 3, 0], [1, 2, 2], [1, 1], [0, 0], [0, 0], [0, 0, 0, 0], [0, 0, 0], [0, 2, 0, 4, 3, 6, 2, 1, 2, 4, 7, 1, 8, 9, 6, 8, 9, 7, 5]]",17.604609706556786,"[1, 3, 1, 2, 0, 0, 4, 1, 19]",6,0.020+(((_exp_((x[0]-43.62)|_div_|12.47)))-((_exp_((x[0]-18.96)|_div_|89.75)))),"{'generation': 0, 'evals': 1, 'test_error': 0.0}"
271,"[[0], [0, 1, 2, 1, 1, 0, 1, 4, 2], [3, 2, 1, 1], [2, 1], [0, 0], [0, 0], [0, 0, 0], [0, 0, 0, 0], [0, 2, 3, 2, 5, 4, 2, 1, 0, 4, 2, 1, 2, 7, 6, 3, 3, 7]]",18.58569938593073,"[1, 3, 1, 1, 0, 0, 3, 1, 15]",6,0.023+(((_exp_((x[0]-25.42)|_div_|10.42)))|_div_|(12.76)),"{'generation': 0, 'evals': 1, 'test_error': 0.0}"
272,"[[0], [0, 3, 0, 0, 3, 0, 2, 0, 4, 0, 3, 3, 3], [3, 0, 2, 3, 3, 3], [3, 1, 1], [0, 0, 0, 0, 0, 0], [0, 0], [0, 0, 0], [0, 0, 0], [9, 5, 0, 2, 7, 7, 2, 4, 6, 9, 6, 5, 9, 5, 6, 1, 7, 9]]",18.74184862957442,"[1, 13, 6, 0, 6, 1, 1, 1, 7]",9,0.950+((x[0])|_div_|(((x[0])+((27.72)*(((x[0]-33.941))|_div_|((x[0])|_div_|(x[0])))))|_div_|(x[0]))),"{'generation': 0, 'evals': 1, 'test_error': 0.0}"
273,"[[0], [2, 1, 0, 1, 0, 0], [3, 2, 1, 1], [3, 3, 1], [0, 0], [0, 0], [0, 0, 0], [0, 0, 0], [0, 2, 0, 2, 0, 6, 2, 1, 3, 4, 7, 5, 4, 9, 1, 8, 5, 1]]",20.59119309192893,"[1, 1, 0, 0, 0, 0, 1, 1, 7]",4,0.020+(20.62),"{'generation': 0, 'evals': 1, 'test_error': 0.0}"
274,"[[0], [2, 1, 0, 1, 3, 0], [1, 1, 1, 1], [2, 1, 1], [0, 0], [0, 0], [0, 0, 0, 0], [0, 0, 0], [0, 2, 0, 2, 0, 8, 6, 1, 2, 4, 7, 6, 4, 9, 6, 6, 1, 2, 5]]",20.83119292263106,"[1, 1, 0, 0, 0, 0, 1, 1, 7]",4,0.020+(20.86),"{'generation': 0, 'evals': 1, 'test_error': 0.0}"
275,"[[0], [2, 1, 0, 1, 3, 0], [1, 2, 2, 3, 3, 2, 2, 3], [3, 1], [0, 0], [0, 0], [0, 0, 0], [0, 0, 0, 0], [0, 0, 0, 2, 1, 4, 2, 1, 0, 6, 7, 5, 4, 0, 0, 0, 1, 5, 7, 5, 6, 2, 4, 0, 2, 9, 7, 7, 4, 2, 2, 0]]",21.37119255561358,"[1, 1, 0, 0, 0, 0, 1, 1, 7]",4,0.000+(21.42),"{'generation': 0, 'evals': 1, 'test_error': 0.0}"
276,"[[0], [2, 1, 3, 3, 3, 0], [3, 3, 1, 1], [3, 0, 1], [0, 0], [0, 0], [0, 0, 0], [0, 0, 0, 0], [1, 2, 7, 2, 2, 0, 2, 1, 6, 2, 8, 1, 9, 2, 6, 3, 3, 7]]",22.098192089829336,"[1, 1, 0, 0, 0, 0, 1, 1, 7]",4,0.127+(22.02),"{'generation': 0, 'evals': 1, 'test_error': 0.0}"
277,"[[0], [2, 1, 3, 1, 2, 0], [3, 2, 1, 1], [2, 1], [0, 0], [0, 0], [0, 0, 0, 0], [0, 0, 0], [8, 3, 0, 2, 2, 8, 2, 5, 2, 3, 4, 4, 4, 7, 6, 1, 7, 7, 3]]",23.601191217854034,"[1, 1, 0, 0, 0, 0, 1, 1, 7]",4,0.830+(22.82),"{'generation': 0, 'evals': 1, 'test_error': 0.0}"
278,"[[0], [2, 2, 0, 1, 0, 0], [3, 2, 1, 1], [3, 2, 1], [0, 0], [0, 0], [0, 0, 0], [0, 0, 0, 0], [3, 2, 6, 2, 3, 4, 2, 5, 1, 0, 7, 1, 2, 9, 6, 7, 3, 1]]",23.697191165917108,"[1, 1, 0, 0, 0, 0, 1, 1, 7]",4,0.326+(23.42),"{'generation': 0, 'evals': 1, 'test_error': 0.0}"
279,"[[0], [2, 1, 3, 1, 3, 0], [2, 2, 1, 0, 3, 2, 1, 3], [3, 3, 1], [0, 0], [0, 0], [0, 0, 0], [0, 0, 0, 0], [2, 0, 8, 2, 4, 4, 1, 4, 7, 1, 7, 7, 8, 5, 8, 4, 5, 4]]",24.569190712743485,"[1, 1, 0, 0, 0, 0, 1, 1, 7]",4,0.208+(24.41),"{'generation': 0, 'evals': 1, 'test_error': 0.0}"
280,"[[0], [0, 1, 0, 2, 1, 4, 0, 1, 0, 3, 0, 0, 3, 0, 3, 4, 3, 3], [2, 2, 1, 1], [3, 3], [0, 0, 0, 0, 0], [0, 0], [0, 0, 0], [0, 0, 0, 0], [0, 2, 4, 4, 7, 2, 2, 1, 5, 4, 7, 0, 9, 3, 7, 4, 8, 7, 7, 5, 6, 2, 4, 0, 2, 9, 7, 7, 4, 2, 2, 0]]",25.570075454131587,"[1, 5, 2, 2, 0, 0, 3, 3, 21]",7,0.024+(((_sig_(0.472*(x[0]-21.54))))*((70.93)*((_sig_(0.748*(x[0]-77.56)))))),"{'generation': 0, 'evals': 1, 'test_error': 0.0}"
281,"[[0], [2, 0, 0, 1, 2, 0], [3, 3, 2], [3, 1], [0, 0], [0, 0], [0, 0, 0], [0, 0, 0], [6, 7, 0, 2, 6, 0, 9, 1, 2, 9, 7, 3, 0, 9, 6, 8, 8, 2]]",26.711189725165895,"[1, 1, 0, 0, 0, 0, 1, 1, 7]",4,0.670+(26.09),"{'generation': 0, 'evals': 1, 'test_error': 0.0}"
282,"[[0], [2, 0, 2, 1, 3, 0], [3, 3, 1, 1], [0, 1], [0, 0], [0, 0], [0, 0, 0], [0, 0, 0], [0, 9, 6, 2, 7, 1, 2, 5, 3, 9, 6, 3, 7, 8, 5, 7, 4, 7]]",27.167189535030605,"[1, 1, 0, 0, 0, 0, 1, 1, 7]",4,0.096+(27.12),"{'generation': 0, 'evals': 1, 'test_error': 0.0}"
283,"[[0], [0, 2, 4, 0, 1, 0], [1, 3, 1, 1], [3, 1], [0, 0, 0], [0, 0], [0, 0, 0, 0], [0, 0, 0, 0], [9, 0, 5, 0, 5, 3, 3, 4, 9, 2, 4, 8, 6, 6, 7, 3, 3, 8]]",30.78964019180972,"[1, 3, 1, 0, 1, 1, 1, 1, 7]",5,0.905+((05.33)-((x[0]-33.941))),"{'generation': 0, 'evals': 1, 'test_error': 0.0}"
284,"[[0], [0, 4, 1, 1, 3, 0], [1, 2, 2], [0, 1], [0, 0], [0, 0], [0, 0, 0, 0, 0], [0, 0, 0, 0], [1, 2, 0, 7, 0, 1, 6, 9, 7, 1, 4, 1, 6, 5, 3, 8, 6, 6]]",30.971366606256865,"[1, 4, 1, 2, 1, 1, 2, 1, 11]",8,0.120+(((x[0]-33.941))-((_exp_((_exp_((x[0]-70.16)|_div_|97.14)))))),"{'generation': 0, 'evals': 1, 'test_error': 0.0}"
285,"[[0], [0, 1, 2, 0, 3, 0], [1, 3, 1, 1], [3, 2], [0, 0], [0, 0], [0, 0, 0, 0], [0, 0, 0], [0, 5, 3, 6, 0, 4, 2, 9, 2, 2, 3, 1, 8, 0, 7, 8, 8, 7, 6]]",31.118159432920663,"[1, 3, 1, 1, 0, 0, 2, 2, 14]",6,0.053+(((_sig_(0.604*(x[0]-29.22))))-(31.80)),"{'generation': 0, 'evals': 1, 'test_error': 0.0}"
286,"[[0], [0, 1, 4, 2, 0, 0, 3, 0, 1], [1, 0, 1, 1], [2, 1], [0, 0], [0, 0], [0, 0, 0, 0, 0, 0], [0, 0, 0, 0], [0, 2, 5, 3, 0, 2, 3, 7, 1, 1, 4, 9, 0, 2, 9, 3, 3, 7, 5, 6, 5, 9, 9, 8, 4, 1, 8]]",31.225914944881122,"[1, 3, 1, 1, 1, 1, 2, 1, 11]",6,0.025+(((_exp_((x[0]-30.23)|_div_|71.14)))-((x[0]-33.941))),"{'generation': 0, 'evals': 1, 'test_error': 0.0}"
287,"[[0], [0, 1, 4, 3, 3, 0], [1, 2, 1, 1], [3, 2], [0, 0], [0, 0], [0, 0, 0], [0, 0, 0], [0, 3, 8, 4, 8, 2, 2, 7, 1, 0, 4, 1, 9, 8, 1, 3, 5, 5, 7, 5, 6, 2, 4, 0, 2, 9, 7, 7, 4, 2, 2, 0]]",31.553714438267185,"[1, 3, 1, 1, 1, 1, 1, 2, 10]",6,0.038+(((_sig_(0.482*(x[0]-27.10))))-((x[0]-33.941))),"{'generation': 0, 'evals': 1, 'test_error': 0.0}"
288,"[[0], [0, 1, 4, 1, 3, 0], [1, 1, 2], [3, 3, 1], [0, 0], [0, 0], [0, 0, 0], [0, 0, 0], [0, 9, 0, 2, 7, 8, 1, 1, 6, 2, 7, 5, 7, 4, 1, 2, 2, 1]]",31.592782979080972,"[1, 3, 1, 1, 1, 1, 1, 2, 10]",6,0.090+(((_sig_(0.278*(x[0]-11.62))))-((x[0]-33.941))),"{'generation': 0, 'evals': 1, 'test_error': 0.0}"
289,"[[0], [2, 4, 0, 0, 1, 4, 0, 1, 0, 3, 0, 0, 3, 0, 3, 4, 3, 3], [3, 3, 2], [3, 3], [0, 0], [0, 0, 0], [0, 0, 0], [0, 0, 0, 0], [0, 2, 2, 3, 1, 8, 3, 1, 7, 0, 8, 9, 5, 9, 7, 5, 1, 9]]",31.803187911487278,"[1, 1, 0, 0, 0, 0, 1, 1, 7]",4,0.022+(31.83),"{'generation': 0, 'evals': 1, 'test_error': 0.0}"
290,"[[0], [0, 4, 1, 1, 2, 0], [1, 2, 2], [2, 1], [0, 0], [0, 0], [0, 0, 0, 0], [0, 0, 0], [3, 9, 3, 9, 0, 5, 3, 1, 9, 1, 8, 1, 7, 6, 7, 0, 9, 7]]",31.896004640865346,"[1, 3, 1, 1, 1, 1, 2, 1, 11]",6,0.393+(((x[0]-33.941))-((_exp_((x[0]-90.53)|_div_|19.18)))),"{'generation': 0, 'evals': 1, 'test_error': 0.0}"
291,"[[0], [4, 4, 0, 1, 0, 0], [3, 2, 2, 3, 3], [3, 2], [0, 0, 0, 0, 0], [0, 0, 0], [0, 0, 0, 0], [0, 0, 0, 0], [0, 2, 0, 3, 3, 3, 9, 1, 0, 2, 7, 8, 6, 6, 4, 3, 7, 8]]",32.10472128379824,"[1, 1, 0, 0, 1, 1, 0, 1, 3]",3,0.020+((x[0]-33.941)),"{'generation': 0, 'evals': 1, 'test_error': 0.0}"
292,"[[0], [4, 1, 3, 3, 3, 0], [1, 0, 1, 1], [2, 2, 1], [0, 0], [0, 0], [0, 0, 0], [0, 0, 0], [0, 2, 2, 9, 7, 8, 1, 1, 7, 3, 9, 3, 5, 2, 7, 4, 9, 7]]",32.10532887719492,"[1, 1, 0, 0, 1, 1, 0, 1, 3]",3,0.022+((x[0]-33.941)),"{'generation': 0, 'evals': 1, 'test_error': 0.0}"
293,"[[0], [4, 1, 2, 1, 3, 0], [2, 2, 2], [3, 2, 1], [0, 0], [0, 0], [0, 0, 0, 0, 0], [0, 0, 0], [0, 2, 2, 3, 5, 2, 2, 9, 2, 6, 9, 1, 2, 8, 7, 0, 8, 5, 7, 5, 6, 2, 4, 0, 2, 9, 7, 7, 4, 2, 2, 0]]",32.10532887719492,"[1, 1, 0, 0, 1, 1, 0, 1, 3]",3,0.022+((x[0]-33.941)),"{'generation': 0, 'evals': 1, 'test_error': 0.0}"
294,"[[0], [4, 1, 3, 3, 3, 0], [3, 2, 2], [0, 2, 1], [0, 0], [0, 0], [0, 0, 0], [0, 0, 0], [0, 2, 2, 3, 7, 9, 2, 1, 7, 2, 9, 3, 5, 2, 7, 4, 9, 7]]",32.10532887719492,"[1, 1, 0, 0, 1, 1, 0, 1, 3]",3,0.022+((x[0]-33.941)),"{'generation': 0, 'evals': 1, 'test_error': 0.0}"
295,"[[0], [4, 1, 1, 1, 2, 0], [3, 2, 1, 1], [3, 3, 1], [0, 0], [0, 0], [0, 0, 0, 0], [0, 0, 0], [0, 2, 3, 0, 6, 2, 7, 9, 7, 6, 7, 1, 6, 8, 7, 3, 3, 7, 9, 6, 8, 0]]",32.10563271630207,"[1, 1, 0, 0, 1, 1, 0, 1, 3]",3,0.023+((x[0]-33.941)),"{'generation': 0, 'evals': 1, 'test_error': 0.0}"
296,"[[0], [4, 0, 1, 1, 0, 0], [1, 1, 1, 1], [0, 2], [0, 0], [0, 0], [0, 0, 0, 0, 0], [0, 0, 0, 0], [0, 2, 6, 3, 5, 8, 7, 1, 7, 0, 9, 3, 7, 6, 2, 4, 8, 9]]",32.10654440324906,"[1, 1, 0, 0, 1, 1, 0, 1, 3]",3,0.026+((x[0]-33.941)),"{'generation': 0, 'evals': 1, 'test_error': 0.0}"
297,"[[0], [4, 4, 0, 1, 4, 0], [3, 0, 2], [1, 2], [0, 0], [0, 0], [0, 0, 0, 0], [0, 0, 0], [0, 2, 8, 2, 2, 8, 2, 1, 2, 0, 0, 0, 4, 9, 5, 3, 7, 2]]",32.107152335893666,"[1, 1, 0, 0, 1, 1, 0, 1, 3]",3,0.028+((x[0]-33.941)),"{'generation': 0, 'evals': 1, 'test_error': 0.0}"
298,"[[0], [4, 2, 0, 1, 2, 0], [3, 2, 1, 1], [3, 1], [0, 0], [0, 0], [0, 0, 0], [0, 0, 0, 0], [0, 3, 0, 3, 5, 7, 2, 2, 5, 3, 7, 9, 1, 2, 5, 9, 8, 9]]",32.107760381608074,"[1, 1, 0, 0, 1, 1, 0, 1, 3]",3,0.030+((x[0]-33.941)),"{'generation': 0, 'evals': 1, 'test_error': 0.0}"
299,"[[0], [4, 1, 0, 2, 0, 0, 0, 1, 1], [3, 2, 2, 2], [3, 2], [0, 0], [0, 0], [0, 0, 0, 0, 0], [0, 0, 0, 0], [0, 3, 9, 1, 5, 7, 2, 5, 5, 2, 7, 7, 9, 0, 1, 1, 4, 5, 3, 7, 0, 5, 5, 7, 3, 0]]",32.110497986389355,"[1, 1, 0, 0, 1, 1, 0, 1, 3]",3,0.039+((x[0]-33.941)),"{'generation': 0, 'evals': 1, 'test_error': 0.0}"
300,"[[0], [4, 3, 0, 1, 3, 0], [3, 0, 1, 1], [3, 2, 1], [0, 0], [0, 0], [0, 0, 0], [0, 0, 0, 0], [0, 4, 8, 4, 6, 4, 2, 1, 0, 6, 7, 5, 4, 0, 7, 0, 6, 5, 7, 5, 6, 2, 4, 0, 2, 9, 7, 7, 4, 2, 2, 0]]",32.11323788011836,"[1, 1, 0, 0, 1, 1, 0, 1, 3]",3,0.048+((x[0]-33.941)),"{'generation': 0, 'evals': 1, 'test_error': 0.0}"
301,"[[0], [4, 2, 3, 0, 3, 1, 1, 2, 2], [3, 3, 1, 1], [3, 2, 1], [0, 0, 0, 0], [0, 0], [0, 0, 0, 0], [0, 0, 0], [0, 5, 5, 3, 3, 9, 2, 1, 6, 6, 7, 3, 1, 9, 0, 3, 3, 7, 3, 9, 6, 8]]",32.11537049068162,"[1, 1, 0, 0, 1, 1, 0, 1, 3]",3,0.055+((x[0]-33.941)),"{'generation': 0, 'evals': 1, 'test_error': 0.0}"
302,"[[0], [4, 1, 2, 1, 3, 0], [3, 2, 1, 1], [2, 1], [0, 0], [0, 0], [0, 0, 0], [0, 0, 0], [0, 6, 0, 7, 6, 9, 1, 2, 8, 4, 7, 7, 7, 3, 7, 6, 8, 6]]",32.1168946313298,"[1, 1, 0, 0, 1, 1, 0, 1, 3]",3,0.060+((x[0]-33.941)),"{'generation': 0, 'evals': 1, 'test_error': 0.0}"
303,"[[0], [4, 1, 1, 0, 3, 0], [3, 2, 2], [0, 3], [0, 0], [0, 0], [0, 0, 0], [0, 0, 0, 0], [0, 6, 3, 2, 7, 5, 2, 1, 1, 0, 6, 1, 4, 9, 7, 2, 6, 7]]",32.11780945462593,"[1, 1, 0, 0, 1, 1, 0, 1, 3]",3,0.063+((x[0]-33.941)),"{'generation': 0, 'evals': 1, 'test_error': 0.0}"
304,"[[0], [4, 1, 4, 1, 2, 0], [3, 2, 1, 1], [3, 1, 1], [0, 0, 0], [0, 0], [0, 0, 0], [0, 0, 0, 0], [0, 7, 0, 3, 4, 8, 3, 5, 7, 2, 8, 1, 5, 6, 7, 4, 9, 9]]",32.11994503065555,"[1, 1, 0, 0, 1, 1, 0, 1, 3]",3,0.070+((x[0]-33.941)),"{'generation': 0, 'evals': 1, 'test_error': 0.0}"
305,"[[0], [4, 3, 3, 1, 3, 0], [0, 2, 2], [3, 2, 1], [0, 0], [0, 0], [0, 0, 0], [0, 0, 0], [0, 8, 2, 3, 7, 1, 2, 0, 7, 9, 9, 9, 5, 2, 7, 1, 9, 1]]",32.12360923662231,"[1, 1, 0, 0, 1, 1, 0, 1, 3]",3,0.082+((x[0]-33.941)),"{'generation': 0, 'evals': 1, 'test_error': 0.0}"
306,"[[0], [4, 3, 0, 1, 3, 0, 0, 4, 0, 4, 3, 1], [3, 1, 1, 3, 3], [0, 3, 2], [0, 0, 0, 0], [0, 0], [0, 0, 0], [0, 0, 0, 0], [0, 8, 9, 8, 6, 0, 2, 4, 0, 2, 7, 6, 2, 5, 2, 9, 2, 1]]",32.12574856708994,"[1, 1, 0, 0, 1, 1, 0, 1, 3]",3,0.089+((x[0]-33.941)),"{'generation': 0, 'evals': 1, 'test_error': 0.0}"
307,"[[0], [4, 1, 2, 2, 2, 0], [3, 0, 1, 1], [3, 1], [0, 0], [0, 0], [0, 0, 0], [0, 0, 0], [0, 8, 9, 1, 1, 6, 6, 1, 3, 4, 7, 7, 4, 2, 6, 8, 3, 7]]",32.12574856708994,"[1, 1, 0, 0, 1, 1, 0, 1, 3]",3,0.089+((x[0]-33.941)),"{'generation': 0, 'evals': 1, 'test_error': 0.0}"
308,"[[0], [4, 1, 2, 0, 3, 0], [1, 2, 1, 1], [3, 2, 1], [0, 0], [0, 0], [0, 0, 0, 0, 0], [0, 0, 0, 0], [1, 2, 3, 4, 5, 0, 2, 1, 8, 4, 1, 1, 9, 2, 6, 2, 8, 0, 6, 4, 6, 4, 0, 6, 4, 0]]",32.13615926395092,"[1, 1, 0, 0, 1, 1, 0, 1, 3]",3,0.123+((x[0]-33.941)),"{'generation': 0, 'evals': 1, 'test_error': 0.0}"
309,"[[0], [4, 3, 3, 2, 1, 4, 0, 1, 0, 3, 0, 0, 3, 0, 3, 4, 3, 3], [3, 2, 2, 3, 3, 2, 2, 3, 3], [0, 1, 1], [0, 0, 0, 0, 0], [0, 0], [0, 0, 0, 0, 0, 0], [0, 0, 0, 0], [1, 2, 4, 3, 0, 0, 7, 0, 6, 4, 7, 8, 5, 6, 7, 5, 3, 8]]",32.136465954414746,"[1, 1, 0, 0, 1, 1, 0, 1, 3]",3,0.124+((x[0]-33.941)),"{'generation': 0, 'evals': 1, 'test_error': 0.0}"
310,"[[0], [4, 2, 3, 1, 0, 0], [3, 2, 1, 1], [3, 1], [0, 0], [0, 0], [0, 0, 0], [0, 0, 0], [2, 0, 2, 3, 1, 8, 2, 1, 7, 0, 0, 4, 5, 6, 8, 3, 6, 9]]",32.16047460060137,"[1, 1, 0, 0, 1, 1, 0, 1, 3]",3,0.202+((x[0]-33.941)),"{'generation': 0, 'evals': 1, 'test_error': 0.0}"
311,"[[0], [4, 1, 0, 4, 1, 0], [3, 2, 2, 3, 3], [1, 0, 1], [0, 0], [0, 0], [0, 0, 0, 0, 0], [0, 0, 0], [2, 0, 2, 9, 5, 1, 0, 2, 9, 1, 1, 9, 4, 8, 7, 3, 3, 8]]",32.16047460060137,"[1, 1, 0, 0, 1, 1, 0, 1, 3]",3,0.202+((x[0]-33.941)),"{'generation': 0, 'evals': 1, 'test_error': 0.0}"
312,"[[0], [4, 1, 2, 4, 4, 0], [3, 0, 2, 3, 3, 2, 2, 3], [1, 1], [0, 0], [0, 0], [0, 0, 0], [0, 0, 0, 0], [2, 2, 0, 2, 1, 4, 2, 1, 2, 4, 7, 5, 4, 0, 7, 5, 6, 0, 7, 5, 6, 2, 4, 0, 2, 9, 7, 7, 4, 2, 2, 0]]",32.1660393731997,"[1, 1, 0, 0, 1, 1, 0, 1, 3]",3,0.220+((x[0]-33.941)),"{'generation': 0, 'evals': 1, 'test_error': 0.0}"
313,"[[0], [4, 1, 4, 1, 3, 0], [2, 1, 1, 1], [1, 1], [0, 0], [0, 0], [0, 0, 0], [0, 0, 0], [2, 3, 4, 6, 4, 6, 5, 9, 3, 3, 5, 1, 2, 7, 5, 3, 3, 4]]",32.170373827103475,"[1, 1, 0, 0, 1, 1, 0, 1, 3]",3,0.234+((x[0]-33.941)),"{'generation': 0, 'evals': 1, 'test_error': 0.0}"
314,"[[0], [0, 4, 0, 1, 4, 4, 0, 1, 0, 3, 0, 0, 3, 0, 3, 4, 3, 3], [1, 3, 1, 1], [3, 2], [0, 0], [0, 0], [0, 0, 0], [0, 0, 0, 0], [3, 3, 0, 2, 1, 7, 3, 3, 6, 1, 6, 5, 9, 7, 6, 1, 7, 9]]",32.193312133259376,"[1, 5, 2, 1, 2, 2, 1, 2, 10]",7,0.330+(((x[0]-33.941))-(((_sig_(0.217*(x[0]-33.61))))|_div_|((x[0]-33.941)))),"{'generation': 0, 'evals': 1, 'test_error': 0.0}"
315,"[[0], [4, 0, 0, 1, 3, 0], [0, 2, 2, 3, 3], [3, 1], [0, 0], [0, 0], [0, 0, 0], [0, 0, 0], [3, 2, 0, 2, 9, 9, 6, 2, 9, 1, 3, 8, 1, 9, 7, 6, 6, 7]]",32.19712050917235,"[1, 1, 0, 0, 1, 1, 0, 1, 3]",3,0.320+((x[0]-33.941)),"{'generation': 0, 'evals': 1, 'test_error': 0.0}"
316,"[[0], [4, 1, 3, 1, 3, 0], [3, 2, 1, 1], [3, 1], [0, 0], [0, 0], [0, 0, 0], [0, 0, 0], [4, 0, 0, 2, 3, 4, 2, 1, 2, 9, 7, 3, 0, 9, 6, 0, 8, 2]]",32.22218728114702,"[1, 1, 0, 0, 1, 1, 0, 1, 3]",3,0.400+((x[0]-33.941)),"{'generation': 0, 'evals': 1, 'test_error': 0.0}"
317,"[[0], [4, 1, 0, 1, 3, 1], [0, 2, 2, 3, 3, 2, 2, 3], [1, 1, 1], [0, 0, 0], [0, 0], [0, 0, 0], [0, 0, 0], [4, 2, 9, 0, 3, 4, 0, 1, 3, 6, 1, 1, 6, 2, 2, 8, 3, 0]]",32.231318207874374,"[1, 1, 0, 0, 1, 1, 0, 1, 3]",3,0.429+((x[0]-33.941)),"{'generation': 0, 'evals': 1, 'test_error': 0.0}"
318,"[[0], [4, 1, 3, 3, 2, 0], [3, 2, 1, 1], [3, 2, 1], [0, 0], [0, 0], [0, 0, 0], [0, 0, 0, 0], [5, 3, 0, 0, 4, 4, 5, 1, 3, 7, 7, 5, 7, 0, 7, 3, 6, 5, 7, 5, 6, 2, 4, 0, 2, 9, 7, 7, 4, 2, 2, 0]]",32.2633023316341,"[1, 1, 0, 0, 1, 1, 0, 1, 3]",3,0.530+((x[0]-33.941)),"{'generation': 0, 'evals': 1, 'test_error': 0.0}"
319,"[[0], [4, 1, 2, 1, 3, 0], [3, 1, 2], [0, 1], [0, 0], [0, 0], [0, 0, 0], [0, 0, 0, 0], [5, 5, 6, 2, 4, 1, 8, 1, 0, 6, 9, 4, 4, 7, 7, 2, 8, 5, 7, 5, 6, 2, 4, 0, 2, 9, 7, 7, 4, 2, 2, 0]]",32.27158189761774,"[1, 1, 0, 0, 1, 1, 0, 1, 3]",3,0.556+((x[0]-33.941)),"{'generation': 0, 'evals': 1, 'test_error': 0.0}"
320,"[[0], [4, 0, 0, 1, 2, 0], [3, 2, 2], [3, 3], [0, 0, 0], [0, 0], [0, 0, 0], [0, 0, 0], [6, 2, 3, 3, 7, 8, 2, 1, 7, 0, 9, 1, 5, 6, 6, 6, 9, 7]]",32.293004395033975,"[1, 1, 0, 0, 1, 1, 0, 1, 3]",3,0.623+((x[0]-33.941)),"{'generation': 0, 'evals': 1, 'test_error': 0.0}"
321,"[[0], [4, 1, 2, 3, 1, 4, 3, 0, 4], [2, 2, 1, 1], [3, 0, 1], [0, 0, 0, 0], [0, 0], [0, 0, 0, 0, 0], [0, 0, 0], [6, 8, 1, 3, 0, 4, 2, 8, 7, 2, 1, 1, 5, 4, 7, 4, 9, 7, 3, 6, 1, 2, 1, 7, 1, 1]]",32.311649962971025,"[1, 1, 0, 0, 1, 1, 0, 1, 3]",3,0.681+((x[0]-33.941)),"{'generation': 0, 'evals': 1, 'test_error': 0.0}"
322,"[[0], [4, 0, 3, 1, 3, 0], [3, 2, 1, 1], [3, 1, 1], [0, 0, 0, 0, 0, 0, 0], [0, 0], [0, 0, 0, 0, 0], [0, 0, 0, 0], [7, 4, 6, 9, 6, 2, 1, 1, 2, 4, 1, 4, 6, 9, 9, 4, 8, 5, 7, 5, 6, 2, 4, 0, 2, 9, 7, 7, 4, 2, 2, 0]]",32.33265671747563,"[1, 1, 0, 0, 1, 1, 0, 1, 3]",3,0.746+((x[0]-33.941)),"{'generation': 0, 'evals': 1, 'test_error': 0.0}"
323,"[[0], [4, 1, 0, 2, 3, 0, 1, 3, 2], [3, 2, 2, 3, 3], [3, 0, 0], [0, 0], [0, 0], [0, 0, 0, 0], [0, 0, 0], [7, 8, 3, 3, 7, 8, 2, 1, 7, 2, 9, 1, 7, 6, 7, 4, 9, 7]]",32.34466665550871,"[1, 1, 0, 0, 1, 1, 0, 1, 3]",3,0.783+((x[0]-33.941)),"{'generation': 0, 'evals': 1, 'test_error': 0.0}"
324,"[[0], [4, 1, 0, 3, 3, 0], [3, 2, 2, 3, 3], [3, 1], [0, 0], [0, 0], [0, 0, 0, 0], [0, 0, 0], [8, 2, 0, 2, 1, 5, 0, 2, 7, 4, 7, 7, 4, 7, 6, 6, 0, 1]]",32.35671444541044,"[1, 1, 0, 0, 1, 1, 0, 1, 3]",3,0.820+((x[0]-33.941)),"{'generation': 0, 'evals': 1, 'test_error': 0.0}"
325,"[[0], [4, 1, 1, 1, 0, 0, 3, 2, 3], [0, 1, 0, 0, 3], [1, 0, 1], [0, 0, 0, 0], [0, 0], [0, 0, 0], [0, 0, 0], [8, 2, 4, 0, 5, 2, 2, 5, 2, 6, 7, 1, 7, 1, 7, 0, 8, 5, 7, 5, 6, 2, 4, 0, 2, 9, 7, 7, 4, 2, 2, 0]]",32.358019174646486,"[1, 1, 0, 0, 1, 1, 0, 1, 3]",3,0.824+((x[0]-33.941)),"{'generation': 0, 'evals': 1, 'test_error': 0.0}"
326,"[[0], [4, 1, 0, 1, 1], [3, 0, 1, 1], [3, 2], [0, 0], [0, 0], [0, 0, 0], [0, 0, 0], [8, 3, 1, 3, 6, 7, 2, 3, 2, 5, 7, 4, 4, 9, 6, 1, 7, 9]]",32.36030351395773,"[1, 1, 0, 0, 1, 1, 0, 1, 3]",3,0.831+((x[0]-33.941)),"{'generation': 0, 'evals': 1, 'test_error': 0.0}"
327,"[[0], [4, 1, 0, 1, 3, 0], [3, 2, 2], [3, 1, 1], [0, 0], [0, 0], [0, 0, 0], [0, 0, 0], [9, 0, 0, 0, 8, 9, 6, 2, 0, 4, 7, 9, 4, 4, 7, 6, 8, 6]]",32.382892918962305,"[1, 1, 0, 0, 1, 1, 0, 1, 3]",3,0.900+((x[0]-33.941)),"{'generation': 0, 'evals': 1, 'test_error': 0.0}"
328,"[[0], [4, 2, 4, 1, 3, 0], [1, 2, 1, 1], [1, 3], [0, 0], [0, 0], [0, 0, 0], [0, 0, 0], [9, 5, 7, 3, 7, 6, 7, 3, 8, 9, 3, 2, 6, 7, 4, 9, 9, 7]]",32.40165268117694,"[1, 1, 0, 0, 1, 1, 0, 1, 3]",3,0.957+((x[0]-33.941)),"{'generation': 0, 'evals': 1, 'test_error': 0.0}"
329,"[[0], [2, 1, 0, 1, 4, 0], [3, 2, 1, 1], [3, 1], [0, 0], [0, 0], [0, 0, 0], [0, 0, 0, 0], [0, 2, 1, 3, 2, 8, 2, 1, 8, 7, 9, 0, 1, 5, 5, 9, 1, 1]]",32.79218762454731,"[1, 1, 0, 0, 0, 0, 1, 1, 7]",4,0.021+(32.82),"{'generation': 0, 'evals': 1, 'test_error': 0.0}"
330,"[[0], [0, 1, 4, 1, 3, 1], [0, 2, 2], [3, 1], [0, 0], [0, 0], [0, 0, 0], [0, 0, 0], [3, 9, 5, 3, 0, 8, 3, 1, 6, 1, 8, 1, 6, 6, 7, 4, 9, 2]]",32.79429981966162,"[1, 3, 1, 1, 1, 1, 1, 2, 10]",6,0.395+(((_sig_(0.308*(x[0]-31.61))))+((x[0]-33.941))),"{'generation': 0, 'evals': 1, 'test_error': 0.0}"
331,"[[0], [2, 1, 0, 3, 1, 4, 0, 1, 0, 3, 0, 0, 3, 0, 3, 4, 3, 3], [3, 2, 2, 3, 3, 2, 2, 3], [1, 1], [0, 0], [0, 0], [0, 0, 0, 0], [0, 0, 0], [0, 2, 7, 3, 3, 3, 2, 4, 6, 4, 7, 6, 4, 8, 6, 4, 3, 9]]",33.29818748433203,"[1, 1, 0, 0, 0, 0, 1, 1, 7]",4,0.027+(33.32),"{'generation': 0, 'evals': 1, 'test_error': 0.0}"
332,"[[0], [0, 3, 4, 2, 3, 0], [1, 3, 2], [2, 2, 1], [0, 0, 0], [0, 0], [0, 0, 0, 0, 0], [0, 0, 0], [5, 6, 8, 4, 0, 9, 6, 6, 8, 4, 5, 1, 7, 6, 4, 4, 6, 7, 2, 1, 1, 1, 8]]",34.46018717792149,"[1, 3, 1, 0, 2, 1, 0, 1, 3]",4,0.568+((x[0])-((x[0]-33.941))),"{'generation': 0, 'evals': 1, 'test_error': 0.0}"
333,"[[0], [2, 1, 0, 1, 1, 0, 3, 2], [3, 3, 1, 1], [3, 1, 0], [0, 0], [0, 0], [0, 0, 0, 0, 0], [0, 0, 0], [0, 3, 0, 3, 5, 1, 5, 1, 7, 2, 7, 8, 6, 8, 7, 3, 3, 8, 3, 8, 9, 7, 5, 0, 6, 7]]",35.131187010215776,"[1, 1, 0, 0, 0, 0, 1, 1, 7]",4,0.030+(35.15),"{'generation': 0, 'evals': 1, 'test_error': 0.0}"
334,"[[0], [0, 1, 0, 1, 3, 0], [2, 2, 2], [3, 1, 1], [0, 0, 0], [0, 0], [0, 0, 0], [0, 0, 0], [0, 7, 0, 2, 2, 8, 2, 1, 2, 4, 9, 1, 2, 7, 3, 3, 1, 4]]",37.35826073220626,"[1, 5, 2, 2, 1, 0, 3, 2, 18]",7,0.070+(((_sig_(0.228*(x[0]-21.24))))*(((_exp_((x[0]-91.27)|_div_|33.14)))*(x[0]))),"{'generation': 0, 'evals': 1, 'test_error': 0.0}"
335,"[[0], [0, 2, 0, 0, 1, 0, 4, 0, 1, 0, 1, 4, 1, 2], [3, 0, 2, 3, 0, 2], [3, 1, 0, 1], [0, 0], [0, 0], [0, 0, 0, 0, 0, 0, 0], [0, 0, 0], [4, 2, 0, 6, 2, 9, 2, 1, 9, 2, 7, 1, 6, 6, 5, 3, 3, 1, 8, 0, 0, 0, 4, 9, 0, 5, 9, 1, 5, 8, 7, 9, 0, 6]]",39.475805759830536,"[1, 14, 6, 4, 2, 2, 7, 2, 34]",11,0.420+((62.92)|_div_|((((_sig_(0.192*(x[0]-71.66))))+(((x[0]-33.941))*(((_exp_((x[0]-53.31)|_div_|80.00)))|_div_|(((_exp_((x[0]-33.941))))+((_exp_((x[0]-49.05)|_div_|91.58)))))))*(79.06))),"{'generation': 0, 'evals': 1, 'test_error': 0.0}"
336,"[[0], [2, 1, 4, 1, 3, 0, 1, 2], [3, 2, 1, 1], [1, 0, 1], [0, 0], [0, 0], [0, 0, 0], [0, 0, 0, 0], [5, 0, 0, 4, 0, 0, 8, 5, 4, 2, 7, 3, 2, 9, 4, 4, 6, 3, 8, 5, 1, 2]]",40.531185862729714,"[1, 1, 0, 0, 0, 0, 1, 1, 7]",4,0.500+(40.08),"{'generation': 0, 'evals': 1, 'test_error': 0.0}"
337,"[[0], [2, 0, 2, 2, 1, 0], [3, 2, 1, 1], [2, 0, 2], [0, 0], [0, 0], [0, 0, 0, 0, 0], [0, 0, 0], [0, 2, 6, 4, 1, 5, 6, 7, 9, 8, 9, 2, 0, 4, 8, 2, 1, 1, 4, 6, 8, 3, 4, 6, 2, 3]]",41.537185681926,"[1, 1, 0, 0, 0, 0, 1, 1, 7]",4,0.026+(41.56),"{'generation': 0, 'evals': 1, 'test_error': 0.0}"
338,"[[0], [0, 3, 2, 2, 3, 0], [1, 0, 2, 3, 3, 2, 2, 3], [3, 1], [0, 0], [0, 0], [0, 0, 0], [0, 0, 0], [0, 2, 2, 7, 1, 8, 3, 1, 7, 0, 8, 9, 5, 9, 7, 5, 1, 9]]",41.55910842590142,"[1, 3, 1, 0, 1, 0, 1, 1, 7]",5,0.022+((x[0])-(71.83)),"{'generation': 0, 'evals': 1, 'test_error': 0.0}"
339,"[[0], [0, 2, 4, 1, 0, 0], [3, 3, 2, 3, 3], [3, 3], [0, 0], [0, 0], [0, 0, 0], [0, 0, 0, 0], [0, 2, 6, 2, 3, 7, 9, 1, 8, 5, 7, 6, 4, 1, 8, 4, 5, 6]]",42.73619635030996,"[1, 3, 1, 0, 1, 1, 1, 1, 7]",5,0.026+((23.79)|_div_|((x[0]-33.941))),"{'generation': 0, 'evals': 1, 'test_error': 0.0}"
340,"[[0], [0, 4, 2, 0, 1, 4, 0, 1, 0, 3, 0, 0, 3, 0, 3, 4, 3, 3], [1, 2, 2, 3, 3, 2, 2, 3], [3, 3], [0, 0, 0, 0, 0], [0, 0], [0, 0, 0], [0, 0, 0], [1, 7, 4, 4, 0, 3, 2, 1, 2, 7, 3, 4, 9, 3, 7, 4, 8, 5, 7, 5, 6, 2, 4, 0, 2, 9, 7, 7, 4, 2, 2, 0]]",43.134566627374326,"[1, 3, 1, 0, 1, 1, 1, 1, 7]",5,0.174+(((x[0]-33.941))-(40.32)),"{'generation': 0, 'evals': 1, 'test_error': 0.0}"
341,"[[0], [2, 0, 0, 0, 0, 0], [2, 2, 1, 1], [3, 2], [0, 0], [0, 0], [0, 0, 0], [0, 0, 0], [0, 3, 0, 4, 3, 9, 2, 1, 2, 4, 7, 2, 7, 9, 4, 8, 3, 6]]",43.901185289669684,"[1, 1, 0, 0, 0, 0, 1, 1, 7]",4,0.030+(43.92),"{'generation': 0, 'evals': 1, 'test_error': 0.0}"
342,"[[0], [2, 0, 0, 3, 0, 0], [2, 2, 2, 3, 3], [3, 1], [0, 0, 0], [0, 0], [0, 0, 0, 0], [0, 0, 0], [0, 2, 0, 4, 5, 1, 2, 3, 9, 8, 7, 8, 6, 6, 2, 7, 2, 8]]",45.09118510777716,"[1, 1, 0, 0, 0, 0, 1, 1, 7]",4,0.020+(45.12),"{'generation': 0, 'evals': 1, 'test_error': 0.0}"
343,"[[0], [0, 0, 0, 1, 3, 0, 2, 2, 2], [1, 1, 1, 1], [1, 2, 1], [0, 0], [0, 0], [0, 0, 0, 0, 0], [0, 0, 0], [8, 2, 5, 6, 3, 1, 2, 1, 2, 3, 7, 6, 2, 9, 4, 8, 3, 7, 2, 1, 4, 5, 7]]",45.10460186428322,"[1, 9, 4, 1, 1, 0, 5, 1, 23]",8,0.825+(((((_exp_((x[0]-63.12)|_div_|12.37)))-(x[0]))-((62.94)-(83.72)))-(14.57)),"{'generation': 0, 'evals': 1, 'test_error': 0.0}"
344,"[[0], [0, 1, 0, 3, 1, 4, 0, 1, 0, 3, 0, 0, 3, 0, 3, 4, 3, 3], [1, 2, 1, 1], [3, 3, 1], [0, 0], [0, 0], [0, 0, 0, 0], [0, 0, 0, 0], [0, 2, 4, 4, 8, 2, 2, 8, 2, 4, 7, 6, 9, 5, 7, 4, 8, 5, 7, 5, 6, 2, 4, 0, 2, 9, 7, 7, 4, 2, 2, 0]]",45.13311982406979,"[1, 5, 2, 2, 1, 0, 2, 3, 17]",7,0.024+(((_sig_(0.482*(x[0]-28.24))))-((x[0])*((_sig_(0.769*(x[0]-57.48)))))),"{'generation': 0, 'evals': 1, 'test_error': 0.0}"
345,"[[0], [2, 1, 3, 1, 4, 0], [3, 3, 2, 3, 3], [3, 2], [0, 0], [0, 0], [0, 0, 0, 0], [0, 0, 0], [0, 2, 3, 4, 5, 3, 4, 1, 7, 8, 7, 5, 6, 6, 7, 3, 3, 0]]",45.3141850747543,"[1, 1, 0, 0, 0, 0, 1, 1, 7]",4,0.023+(45.34),"{'generation': 0, 'evals': 1, 'test_error': 0.0}"
346,"[[0], [2, 0, 1, 4, 3, 0], [3, 2, 2, 3, 3], [1, 1, 1], [0, 0], [0, 0], [0, 0, 0], [0, 0, 0], [0, 2, 9, 4, 7, 2, 2, 8, 5, 7, 7, 3, 0, 9, 6, 8, 4, 2]]",47.20018480794583,"[1, 1, 0, 0, 0, 0, 1, 1, 7]",4,0.029+(47.22),"{'generation': 0, 'evals': 1, 'test_error': 0.0}"
347,"[[0], [2, 1, 2, 1, 3, 0], [3, 0, 1, 1], [2, 0, 1, 3, 3], [0, 0, 0, 0], [0, 0], [0, 0, 0], [0, 0, 0, 0], [0, 3, 5, 4, 8, 6, 2, 5, 6, 0, 4, 7, 1, 8, 1, 0, 8, 5, 7, 5, 6, 2, 4, 0, 2, 9, 7, 7, 4, 2, 2, 0]]",48.606184622513325,"[1, 1, 0, 0, 0, 0, 1, 1, 7]",4,0.035+(48.62),"{'generation': 0, 'evals': 1, 'test_error': 0.0}"
348,"[[0], [0, 2, 4, 4, 2, 0], [3, 2, 2, 3, 3, 2, 2, 3], [3, 1], [0, 0, 0, 0, 0], [0, 0], [0, 0, 0], [0, 0, 0], [5, 9, 0, 2, 7, 1, 2, 2, 2, 7, 7, 3, 0, 9, 6, 8, 4, 2]]",48.783064272848776,"[1, 3, 1, 0, 1, 1, 1, 1, 7]",5,0.590+((27.12)|_div_|((x[0]-33.941))),"{'generation': 0, 'evals': 1, 'test_error': 0.0}"
349,"[[0], [0, 1, 0, 1, 3, 0], [1, 2, 1, 1], [3, 3, 1], [0, 0], [0, 0], [0, 0, 0], [0, 0, 0], [6, 2, 0, 3, 0, 1, 2, 1, 2, 4, 7, 3, 4, 3, 4, 8, 5, 7]]",50.461815756665274,"[1, 5, 2, 2, 1, 0, 2, 3, 17]",7,0.620+(((_sig_(0.301*(x[0]-21.24))))-(((_sig_(0.734*(x[0]-34.85))))*(x[0]))),"{'generation': 0, 'evals': 1, 'test_error': 0.0}"
350,"[[0], [0, 1, 3, 4, 2, 1], [1, 1, 2, 1, 2, 1], [2, 3], [0, 0, 0, 0, 0], [0, 0, 0], [0, 0, 0], [0, 0, 0], [4, 2, 0, 4, 9, 1, 9, 7, 2, 1, 1, 4, 0, 4, 8, 0, 5, 0]]",51.99589478133308,"[1, 3, 1, 1, 1, 0, 2, 1, 11]",6,0.420+(((_exp_((x[0]-49.19)|_div_|72.11)))-(x[0])),"{'generation': 0, 'evals': 1, 'test_error': 0.0}"
351,"[[0], [0, 1, 0, 1, 3, 0], [2, 2, 1, 1], [3, 1], [0, 0], [0, 0], [0, 0, 0], [0, 0, 0], [0, 2, 4, 2, 3, 8, 2, 4, 6, 4, 7, 6, 4, 9, 6, 8, 3, 8]]",52.22775426886686,"[1, 5, 2, 2, 1, 0, 3, 2, 18]",7,0.024+(((_sig_(0.238*(x[0]-24.64))))*(((_exp_((x[0]-76.49)|_div_|68.38)))*(x[0]))),"{'generation': 0, 'evals': 1, 'test_error': 0.0}"
352,"[[0], [0, 3, 1, 0, 3, 0, 2, 4, 4], [1, 2, 2, 2, 3, 2, 2, 3], [3, 1], [0, 0, 0, 0, 0], [0, 0], [0, 0, 0], [0, 0, 0], [0, 5, 0, 3, 7, 5, 2, 3, 3, 1, 6, 5, 2, 9, 6, 1, 7, 5]]",52.558308101532205,"[1, 3, 1, 1, 1, 0, 1, 2, 10]",6,0.050+((x[0])-((_sig_(0.375*(x[0]-23.31))))),"{'generation': 0, 'evals': 1, 'test_error': 0.0}"
353,"[[0], [0, 1, 3, 1, 3, 0], [1, 2, 1, 1], [3, 2, 1], [0, 0, 0], [0, 0], [0, 0, 0], [0, 0, 0, 0], [0, 2, 0, 3, 3, 2, 2, 1, 5, 4, 7, 1, 4, 9, 6, 6, 3, 5]]",52.56955064586896,"[1, 3, 1, 1, 1, 0, 1, 2, 10]",6,0.020+(((_sig_(0.332*(x[0]-21.54))))-(x[0])),"{'generation': 0, 'evals': 1, 'test_error': 0.0}"
354,"[[0], [0, 3, 1, 1, 3, 0], [1, 2, 2], [3, 1, 3], [0, 0], [0, 0], [0, 0, 0, 0, 0], [0, 0, 0, 0], [0, 2, 9, 7, 5, 5, 3, 7, 7, 6, 8, 8, 4, 5, 3, 8, 9, 7]]",52.62969971201237,"[1, 3, 1, 1, 1, 0, 1, 2, 10]",6,0.029+((x[0])-((_sig_(0.755*(x[0]-37.76))))),"{'generation': 0, 'evals': 1, 'test_error': 0.0}"
355,"[[0], [0, 3, 1, 1, 3, 0], [2, 2, 2], [3, 2, 1], [0, 0, 0, 0], [0, 0], [0, 0, 0], [0, 0, 0, 0], [0, 8, 5, 4, 5, 7, 2, 4, 6, 6, 7, 1, 9, 9, 0, 5, 3, 8]]",52.67426754509025,"[1, 3, 1, 1, 1, 0, 1, 2, 10]",6,0.085+((x[0])*((_sig_(0.457*(x[0]-24.66))))),"{'generation': 0, 'evals': 1, 'test_error': 0.0}"
356,"[[0], [0, 1, 3, 1, 2, 0], [1, 2, 2], [2, 2, 1], [0, 0], [0, 0], [0, 0, 0, 0], [0, 0, 0], [1, 4, 3, 9, 4, 1, 7, 7, 1, 9, 7, 3, 6, 2, 3, 5, 2, 8, 4, 2, 1, 4]]",52.711835616589596,"[1, 3, 1, 1, 1, 0, 2, 1, 11]",6,0.143+(((_exp_((x[0]-94.17)|_div_|71.97)))-(x[0])),"{'generation': 0, 'evals': 1, 'test_error': 0.0}"
357,"[[0], [0, 3, 1, 1, 3, 1], [2, 2, 2, 3, 3], [3, 1, 1], [0, 0], [0, 0], [0, 0, 0], [0, 0, 0], [0, 3, 0, 5, 1, 6, 2, 1, 2, 5, 0, 7, 9, 6, 7, 2, 8, 6]]",52.87855427857228,"[1, 3, 1, 1, 1, 0, 1, 2, 10]",6,0.030+((x[0])*((_sig_(0.516*(x[0]-21.25))))),"{'generation': 0, 'evals': 1, 'test_error': 0.0}"
358,"[[0], [0, 0, 2, 3, 3], [3, 1, 1, 1], [3, 1], [0, 0], [0, 0], [0, 0, 0, 0], [0, 0, 0], [0, 7, 9, 2, 2, 4, 1, 6, 9, 9, 3, 1, 1, 9, 6, 7, 8, 0, 1]]",53.02483484373595,"[1, 5, 2, 0, 2, 0, 1, 1, 7]",6,0.079+(((22.41)|_div_|(x[0]))-(x[0])),"{'generation': 0, 'evals': 1, 'test_error': 0.0}"
359,"[[0], [3, 1, 0, 1, 1, 0], [3, 1, 2], [3, 3, 1], [0, 0], [0, 0], [0, 0, 0, 0], [0, 0, 0], [0, 0, 6, 6, 2, 5, 7, 7, 0, 0, 2, 8, 6, 5, 4, 9, 8, 7, 2, 1, 7, 2, 9, 8, 8]]",53.32442075969653,"[1, 1, 0, 0, 1, 0, 0, 1, 3]",3,0.006+(x[0]),"{'generation': 0, 'evals': 1, 'test_error': 0.0}"
360,"[[0], [3, 1, 2, 1, 3, 0], [3, 2, 2, 3, 3], [3, 2], [0, 0], [0, 0], [0, 0, 0, 0], [0, 0, 0], [0, 2, 0, 3, 5, 3, 9, 8, 9, 2, 7, 8, 1, 6, 7, 3, 3, 8]]",53.33588912331456,"[1, 1, 0, 0, 1, 0, 0, 1, 3]",3,0.020+(x[0]),"{'generation': 0, 'evals': 1, 'test_error': 0.0}"
361,"[[0], [3, 1, 0, 1, 3, 2, 1, 3], [2, 2, 1, 1], [3, 0, 1], [0, 0], [0, 0], [0, 0, 0], [0, 0, 0], [0, 2, 0, 5, 0, 2, 0, 6, 1, 7, 4, 7, 7, 2, 8, 3, 3, 1, 7, 6, 5, 2, 9, 4, 4, 1, 8]]",53.33588912331456,"[1, 1, 0, 0, 1, 0, 0, 1, 3]",3,0.020+(x[0]),"{'generation': 0, 'evals': 1, 'test_error': 0.0}"
362,"[[0], [3, 2, 0, 1, 1, 0], [0, 2, 2], [3, 0, 0], [0, 0], [0, 0], [0, 0, 0, 0], [0, 0, 0], [0, 2, 0, 2, 6, 5, 6, 1, 2, 9, 5, 3, 4, 9, 6, 8, 8, 2, 6]]",53.33588912331456,"[1, 1, 0, 0, 1, 0, 0, 1, 3]",3,0.020+(x[0]),"{'generation': 0, 'evals': 1, 'test_error': 0.0}"
363,"[[0], [3, 1, 1, 1, 3, 0], [3, 2, 2, 3, 3, 2, 2, 3], [3, 1], [0, 0], [0, 0], [0, 0, 0], [0, 0, 0, 0], [0, 2, 0, 2, 5, 2, 2, 1, 9, 6, 7, 1, 7, 9, 7, 2, 8, 5, 7, 5, 6, 2, 4, 0, 2, 9, 7, 7, 4, 2, 2, 0]]",53.33588912331456,"[1, 1, 0, 0, 1, 0, 0, 1, 3]",3,0.020+(x[0]),"{'generation': 0, 'evals': 1, 'test_error': 0.0}"
364,"[[0], [3, 4, 0, 1, 1, 0, 1, 3], [3, 1, 2], [3, 1, 3], [0, 0], [0, 0], [0, 0, 0, 0], [0, 0, 0, 0], [0, 2, 0, 4, 4, 6, 2, 4, 2, 5, 7, 9, 5, 5, 6, 8, 8, 7]]",53.33588912331456,"[1, 1, 0, 0, 1, 0, 0, 1, 3]",3,0.020+(x[0]),"{'generation': 0, 'evals': 1, 'test_error': 0.0}"
365,"[[0], [3, 1, 0, 1, 0, 0], [3, 2, 1, 1], [3, 2, 1], [0, 0], [0, 0], [0, 0, 0], [0, 0, 0, 0], [0, 2, 0, 2, 0, 4, 7, 1, 9, 6, 7, 5, 4, 0, 7, 0, 3, 2, 7, 5, 6, 2, 4, 0, 2, 9, 7, 7, 4, 2, 2, 0]]",53.33588912331456,"[1, 1, 0, 0, 1, 0, 0, 1, 3]",3,0.020+(x[0]),"{'generation': 0, 'evals': 1, 'test_error': 0.0}"
366,"[[0], [3, 3, 0, 1, 2], [3, 2, 1, 1], [3, 1, 1], [0, 0], [0, 0], [0, 0, 0, 0, 0, 0], [0, 0, 0, 0], [0, 2, 2, 5, 0, 9, 3, 7, 1, 7, 4, 9, 2, 2, 6, 3, 3, 7, 7, 6, 5, 2, 9, 4, 4, 1, 8]]",53.33752755965525,"[1, 1, 0, 0, 1, 0, 0, 1, 3]",3,0.022+(x[0]),"{'generation': 0, 'evals': 1, 'test_error': 0.0}"
367,"[[0], [3, 1, 0, 1, 3, 0], [0, 0, 1, 1], [3, 2, 1], [0, 0], [0, 0], [0, 0, 0], [0, 0, 0], [0, 2, 3, 5, 7, 8, 2, 1, 6, 2, 3, 1, 5, 6, 7, 4, 9, 9]]",53.33834678707452,"[1, 1, 0, 0, 1, 0, 0, 1, 3]",3,0.023+(x[0]),"{'generation': 0, 'evals': 1, 'test_error': 0.0}"
368,"[[0], [3, 1, 0, 4, 0, 0, 0, 0], [3, 3, 1, 1], [3, 3, 1], [0, 0, 0, 0], [0, 0], [0, 0, 0, 0, 0, 0], [0, 0, 0, 0], [0, 2, 8, 5, 0, 2, 3, 7, 2, 7, 4, 9, 2, 0, 6, 3, 3, 7, 7, 6, 5, 2, 9, 4, 4, 1, 8]]",53.34244301664875,"[1, 1, 0, 0, 1, 0, 0, 1, 3]",3,0.028+(x[0]),"{'generation': 0, 'evals': 1, 'test_error': 0.0}"
369,"[[0], [3, 1, 0, 1, 3, 0], [3, 2, 1, 1], [2, 1], [0, 0], [0, 0], [0, 0, 0], [0, 0, 0], [0, 2, 8, 2, 3, 7, 5, 1, 8, 3, 6, 6, 4, 1, 8, 4, 5, 6]]",53.34244301664875,"[1, 1, 0, 0, 1, 0, 0, 1, 3]",3,0.028+(x[0]),"{'generation': 0, 'evals': 1, 'test_error': 0.0}"
370,"[[0], [3, 1, 2, 4, 3, 1], [3, 0, 1, 1], [3, 1], [0, 0], [0, 0], [0, 0, 0], [0, 0, 0, 0], [0, 2, 9, 2, 9, 7, 3, 1, 4, 8, 8, 9, 4, 1, 0, 6, 3, 6]]",53.343262281057186,"[1, 1, 0, 0, 1, 0, 0, 1, 3]",3,0.029+(x[0]),"{'generation': 0, 'evals': 1, 'test_error': 0.0}"
371,"[[0], [3, 1, 0, 1, 3, 0], [0, 3, 2], [0, 0], [0, 0], [0, 0], [0, 0, 0], [0, 0, 0], [0, 2, 9, 0, 3, 3, 2, 4, 0, 2, 7, 3, 4, 1, 6, 4, 4, 7]]",53.343262281057186,"[1, 1, 0, 0, 1, 0, 0, 1, 3]",3,0.029+(x[0]),"{'generation': 0, 'evals': 1, 'test_error': 0.0}"
372,"[[0], [3, 1, 2, 1, 3, 0, 1, 2], [3, 2, 2, 3, 3, 2, 2, 3], [3, 0, 1], [0, 0], [0, 0], [0, 0, 0], [0, 0, 0], [0, 3, 0, 8, 5, 2, 1, 3, 1, 2, 5, 1, 2, 0, 5, 3, 3, 4]]",53.344081551629486,"[1, 1, 0, 0, 1, 0, 0, 1, 3]",3,0.030+(x[0]),"{'generation': 0, 'evals': 1, 'test_error': 0.0}"
373,"[[0], [3, 1, 0, 1, 4, 0], [3, 3, 2, 3, 3], [3, 3], [0, 0], [0, 0], [0, 0, 0], [0, 0, 0], [0, 3, 0, 2, 3, 4, 2, 1, 2, 4, 7, 7, 6, 6, 7, 8, 9, 7]]",53.344081551629486,"[1, 1, 0, 0, 1, 0, 0, 1, 3]",3,0.030+(x[0]),"{'generation': 0, 'evals': 1, 'test_error': 0.0}"
374,"[[0], [3, 1, 0, 1, 3, 0], [3, 2, 1, 1], [2, 2], [0, 0], [0, 0], [0, 0, 0], [0, 0, 0], [0, 3, 5, 2, 2, 6, 2, 5, 0, 3, 8, 6, 4, 2, 6, 4, 1, 8]]",53.34817799693907,"[1, 1, 0, 0, 1, 0, 0, 1, 3]",3,0.035+(x[0]),"{'generation': 0, 'evals': 1, 'test_error': 0.0}"
375,"[[0], [3, 1, 2, 1, 3, 0], [1, 2, 2, 3, 3], [3, 2], [0, 0], [0, 0], [0, 0, 0], [0, 0, 0], [0, 4, 2, 2, 5, 3, 4, 0, 0, 4, 1, 7, 4, 9, 3, 8, 2, 6]]",53.3539132791754,"[1, 1, 0, 0, 1, 0, 0, 1, 3]",3,0.042+(x[0]),"{'generation': 0, 'evals': 1, 'test_error': 0.0}"
376,"[[0], [3, 1, 1, 2, 3], [1, 2, 2, 3, 3], [3, 1, 1], [0, 0], [0, 0], [0, 0, 0], [0, 0, 0], [0, 4, 3, 5, 5, 8, 2, 1, 2, 5, 2, 1, 6, 6, 7, 3, 8, 6]]",53.354732629852144,"[1, 1, 0, 0, 1, 0, 0, 1, 3]",3,0.043+(x[0]),"{'generation': 0, 'evals': 1, 'test_error': 0.0}"
377,"[[0], [3, 1, 0, 0, 4, 0], [3, 3, 1, 1], [3, 2], [0, 0], [0, 0], [0, 0, 0], [0, 0, 0], [0, 4, 4, 1, 9, 9, 1, 9, 8, 0, 0, 7, 2, 4, 9, 7, 9, 4]]",53.355551986688766,"[1, 1, 0, 0, 1, 0, 0, 1, 3]",3,0.044+(x[0]),"{'generation': 0, 'evals': 1, 'test_error': 0.0}"
378,"[[0], [3, 1, 0, 1, 3, 1], [3, 2, 2], [3, 2], [0, 0], [0, 0], [0, 0, 0], [0, 0, 0, 0], [0, 4, 5, 4, 0, 7, 2, 1, 9, 4, 7, 4, 9, 7, 7, 0, 8, 4, 7, 5, 6, 2, 4, 0, 2, 9, 7, 7, 4, 2, 2, 0]]",53.35637134968501,"[1, 1, 0, 0, 1, 0, 0, 1, 3]",3,0.045+(x[0]),"{'generation': 0, 'evals': 1, 'test_error': 0.0}"
379,"[[0], [3, 0, 0, 1, 0, 2, 3, 4, 1, 2, 3, 0, 0, 2, 0, 3, 1, 3, 2, 2, 2], [3, 2, 0, 3, 0, 2, 2, 3, 3], [1, 3, 3, 3], [0, 0, 0, 0, 0], [0, 0], [0, 0, 0, 0, 0, 0], [0, 0, 0, 0], [0, 4, 6, 9, 8, 9, 2, 3, 2, 6, 4, 1, 4, 5, 8, 8, 3, 4, 4, 8, 8, 1, 5, 9, 3, 2, 5, 0, 6, 8]]",53.35719071884058,"[1, 1, 0, 0, 1, 0, 0, 1, 3]",3,0.046+(x[0]),"{'generation': 0, 'evals': 1, 'test_error': 0.0}"
380,"[[0], [3, 1, 0, 3, 3, 0], [3, 1, 1, 1], [2, 3, 1], [0, 0], [0, 0], [0, 0, 0], [0, 0, 0, 0], [0, 6, 9, 2, 1, 4, 8, 1, 2, 9, 7, 6, 8, 6, 1, 4, 3, 8]]",53.37603790873984,"[1, 1, 0, 0, 1, 0, 0, 1, 3]",3,0.069+(x[0]),"{'generation': 0, 'evals': 1, 'test_error': 0.0}"
381,"[[0], [0, 4, 0, 3, 4, 4, 0, 1, 0, 3, 0, 0, 3, 0, 3, 4, 3, 3], [1, 0, 1, 1], [1, 1, 1], [0, 0, 0], [0, 0], [0, 0, 0], [0, 0, 0], [0, 2, 0, 4, 8, 4, 6, 1, 2, 0, 7, 1, 4, 9, 6, 8, 3, 7]]",53.37819253962003,"[1, 5, 2, 0, 3, 2, 0, 1, 3]",5,0.020+(((x[0]-33.941))-((x[0])+((x[0]-33.941)))),"{'generation': 0, 'evals': 1, 'test_error': 0.0}"
382,"[[0], [3, 1, 0, 1, 0, 0, 0, 4, 1, 3, 3, 4, 0, 0, 4, 1, 4, 2, 2, 2, 4], [3, 2, 2, 3, 3, 3, 2, 3, 3], [1, 2, 0, 0], [0, 0, 0, 0, 0], [0, 0], [0, 0, 0, 0, 0, 0], [0, 0, 0, 0], [0, 8, 7, 0, 6, 2, 3, 7, 8, 8, 0, 9, 2, 2, 6, 3, 2, 6, 7, 6, 5, 8, 9, 4, 4, 1, 8, 8, 5, 5]]",53.390790153897704,"[1, 1, 0, 0, 1, 0, 0, 1, 3]",3,0.087+(x[0]),"{'generation': 0, 'evals': 1, 'test_error': 0.0}"
383,"[[0], [3, 1, 0, 4, 4, 0], [0, 2, 2], [3, 2, 1], [0, 0], [0, 0], [0, 0, 0], [0, 0, 0, 0], [1, 2, 0, 0, 6, 9, 0, 8, 0, 8, 9, 2, 0, 5, 7, 6, 8, 6]]",53.41784110855134,"[1, 1, 0, 0, 1, 0, 0, 1, 3]",3,0.120+(x[0]),"{'generation': 0, 'evals': 1, 'test_error': 0.0}"
384,"[[0], [3, 3, 0, 1, 3, 0], [3, 2, 1, 1], [2, 1], [0, 0], [0, 0], [0, 0, 0], [0, 0, 0, 0], [1, 8, 0, 2, 8, 9, 0, 4, 7, 3, 7, 6, 7, 5, 2, 9, 2, 1]]",53.46704178064088,"[1, 1, 0, 0, 1, 0, 0, 1, 3]",3,0.180+(x[0]),"{'generation': 0, 'evals': 1, 'test_error': 0.0}"
385,"[[0], [3, 1, 3, 1, 4, 0], [0, 2, 2, 3, 3], [0, 1], [0, 0], [0, 0], [0, 0, 0], [0, 0, 0, 0], [2, 2, 0, 1, 2, 4, 2, 8, 8, 5, 6, 1, 0, 6, 7, 3, 6, 8]]",53.4998544747775,"[1, 1, 0, 0, 1, 0, 0, 1, 3]",3,0.220+(x[0]),"{'generation': 0, 'evals': 1, 'test_error': 0.0}"
386,"[[0], [3, 1, 1, 0, 3, 2, 2, 2, 4], [3, 2, 1, 0], [0, 3], [0, 0, 0, 0, 0], [0, 0], [0, 0, 0, 0], [0, 0, 0], [2, 4, 3, 2, 8, 2, 2, 6, 1, 4, 0, 1, 4, 0, 9, 2, 3, 3, 7, 3, 7, 6, 5, 6, 3]]",53.51872620168454,"[1, 1, 0, 0, 1, 0, 0, 1, 3]",3,0.243+(x[0]),"{'generation': 0, 'evals': 1, 'test_error': 0.0}"
387,"[[0], [3, 1, 2, 3, 4, 4, 1, 1, 3], [2, 2, 3, 3], [3, 0], [0, 0, 0, 0], [0, 0], [0, 0, 0, 0, 0], [0, 0, 0], [3, 0, 9, 2, 8, 5, 6, 1, 8, 7, 2, 8, 4, 5, 4, 8, 4, 8]]",53.572897766806214,"[1, 1, 0, 0, 1, 0, 0, 1, 3]",3,0.309+(x[0]),"{'generation': 0, 'evals': 1, 'test_error': 0.0}"
388,"[[0], [3, 1, 3, 3, 1, 0], [2, 0, 2, 3, 3], [3, 1], [0, 0], [0, 0], [0, 0, 0], [0, 0, 0], [4, 2, 0, 2, 2, 1, 2, 1, 2, 2, 7, 5, 1, 9, 4, 8, 5, 0]]",53.66406422430412,"[1, 1, 0, 0, 1, 0, 0, 1, 3]",3,0.420+(x[0]),"{'generation': 0, 'evals': 1, 'test_error': 0.0}"
389,"[[0], [3, 1, 0, 1, 3, 0], [3, 2, 1, 1], [3, 2], [0, 0], [0, 0], [0, 0, 0], [0, 0, 0, 0], [4, 4, 0, 6, 1, 8, 2, 5, 9, 4, 6, 0, 2, 9, 6, 0, 8, 9]]",53.68049855482923,"[1, 1, 0, 0, 1, 0, 0, 1, 3]",3,0.440+(x[0]),"{'generation': 0, 'evals': 1, 'test_error': 0.0}"
390,"[[0], [3, 1, 0, 0, 4, 0, 1, 4, 2], [3, 2, 1, 1], [3, 2, 3], [0, 0], [0, 0], [0, 0, 0], [0, 0, 0], [5, 4, 0, 2, 6, 7, 7, 0, 9, 4, 7, 5, 4, 9, 6, 1, 0, 1]]",53.762706453627835,"[1, 1, 0, 0, 1, 0, 0, 1, 3]",3,0.540+(x[0]),"{'generation': 0, 'evals': 1, 'test_error': 0.0}"
391,"[[0], [3, 2, 3, 2, 3, 0], [3, 2, 2], [3, 2, 1], [0, 0, 0], [0, 0, 0], [0, 0, 0], [0, 0, 0], [6, 0, 3, 2, 7, 6, 4, 1, 2, 4, 7, 1, 4, 1, 3, 2, 6, 7]]",53.81452836081567,"[1, 1, 0, 0, 1, 0, 0, 1, 3]",3,0.603+(x[0]),"{'generation': 0, 'evals': 1, 'test_error': 0.0}"
392,"[[0], [0, 1, 3, 1, 2, 0, 0, 3, 2, 2, 0, 4, 4], [0, 2, 1, 1], [1, 1], [0, 0], [0, 0], [0, 0, 0], [0, 0, 0, 0], [0, 0, 2, 9, 6, 7, 9, 5, 8, 5, 9, 3, 8, 2, 7, 4, 9, 7]]",53.82342038373013,"[1, 3, 1, 1, 1, 0, 2, 1, 11]",6,0.002+(((_exp_((x[0]-96.79)|_div_|58.59)))+(x[0])),"{'generation': 0, 'evals': 1, 'test_error': 0.0}"
393,"[[0], [3, 2, 0, 3, 3, 0], [3, 2, 1, 1], [3, 2, 1], [0, 0, 0], [0, 0], [0, 0, 0], [0, 0, 0, 0], [6, 2, 8, 1, 1, 4, 2, 1, 0, 6, 7, 5, 4, 0, 7, 0, 6, 5, 7, 5, 6, 2, 4, 0, 2, 9, 7, 7, 4, 2, 2, 0]]",53.83509921722089,"[1, 1, 0, 0, 1, 0, 0, 1, 3]",3,0.628+(x[0]),"{'generation': 0, 'evals': 1, 'test_error': 0.0}"
394,"[[0], [3, 1, 0, 4, 4, 0], [3, 2, 2], [2, 3, 1], [0, 0, 0, 0, 0], [0, 0], [0, 0, 0], [0, 0, 0, 0], [7, 3, 0, 3, 7, 6, 1, 6, 3, 5, 5, 5, 8, 5, 4, 7, 9, 1]]",53.91906710482321,"[1, 1, 0, 0, 1, 0, 0, 1, 3]",3,0.730+(x[0]),"{'generation': 0, 'evals': 1, 'test_error': 0.0}"
395,"[[0], [3, 1, 4, 1, 3, 0], [1, 1, 2], [3, 2, 1], [0, 0], [0, 0], [0, 0, 0], [0, 0, 0], [7, 5, 0, 3, 2, 1, 9, 1, 2, 2, 1, 7, 5, 6, 7, 9, 2, 7, 4, 5, 0, 8, 8, 8, 0, 6]]",53.93553868720712,"[1, 1, 0, 0, 1, 0, 0, 1, 3]",3,0.750+(x[0]),"{'generation': 0, 'evals': 1, 'test_error': 0.0}"
396,"[[0], [3, 3, 2, 1, 3, 0], [3, 2, 1, 1], [3, 2], [0, 0], [0, 0], [0, 0, 0], [0, 0, 0], [9, 0, 0, 2, 5, 4, 2, 7, 2, 4, 3, 4, 9, 6, 7, 3, 3, 4]]",54.059151433084075,"[1, 1, 0, 0, 1, 0, 0, 1, 3]",3,0.900+(x[0]),"{'generation': 0, 'evals': 1, 'test_error': 0.0}"
397,"[[0], [3, 1, 0, 1, 3, 0], [3, 3, 1, 1], [0, 1], [0, 0, 0, 0, 0, 0], [0, 0], [0, 0, 0, 0, 0, 0], [0, 0, 0], [9, 7, 2, 9, 5, 8, 8, 4, 7, 3, 7, 4, 9, 5, 6, 1, 1, 5, 1]]",54.11853293793492,"[1, 1, 0, 0, 1, 0, 0, 1, 3]",3,0.972+(x[0]),"{'generation': 0, 'evals': 1, 'test_error': 0.0}"
398,"[[0], [0, 1, 3, 2, 1, 0], [0, 2, 1, 1], [3, 1], [0, 0], [0, 0], [0, 0, 0], [0, 0, 0], [0, 1, 9, 7, 7, 8, 2, 1, 7, 2, 9, 3, 5, 2, 7, 4, 9, 7]]",54.148676723008236,"[1, 3, 1, 1, 1, 0, 1, 2, 10]",6,0.019+(((_sig_(0.778*(x[0]-21.72))))+(x[0])),"{'generation': 0, 'evals': 1, 'test_error': 0.0}"
399,"[[0], [0, 0, 1, 4, 3, 0], [3, 0, 1, 1], [1, 0, 1], [0, 0], [0, 0], [0, 0, 0], [0, 0, 0], [5, 3, 0, 3, 7, 5, 2, 1, 2, 6, 9, 3, 0, 9, 6, 8, 4, 2]]",54.2613611011629,"[1, 5, 2, 1, 2, 1, 2, 1, 11]",7,0.530+((((_exp_((x[0]-37.52)|_div_|12.69)))|_div_|((x[0]-33.941)))+(x[0])),"{'generation': 0, 'evals': 1, 'test_error': 0.0}"
400,"[[0], [0, 1, 3, 2, 3], [0, 1, 1, 1], [3, 2], [0, 0], [0, 0], [0, 0, 0], [0, 0, 0], [7, 3, 9, 2, 5, 9, 2, 5, 6, 2, 7, 6, 9, 5, 1, 1, 4, 5]]",54.716129644070115,"[1, 3, 1, 1, 1, 0, 1, 2, 10]",6,0.739+(((_sig_(0.259*(x[0]-25.62))))+(x[0])),"{'generation': 0, 'evals': 1, 'test_error': 0.0}"
401,"[[0], [2, 3, 0, 1, 3, 1], [3, 2, 1, 1], [1, 2, 1], [0, 0], [0, 0], [0, 0, 0], [0, 0, 0, 0], [2, 0, 1, 5, 4, 6, 7, 1, 2, 5, 3, 9, 6, 5, 6, 8, 8, 7]]",54.82218391668529,"[1, 1, 0, 0, 0, 0, 1, 1, 7]",4,0.201+(54.67),"{'generation': 0, 'evals': 1, 'test_error': 0.0}"
402,"[[0], [0, 0, 4, 4, 1, 0], [0, 2, 1, 1], [3, 1], [0, 0], [0, 0], [0, 0, 0], [0, 0, 0, 0], [8, 9, 6, 7, 8, 2, 2, 2, 4, 2, 7, 6, 3, 0, 7, 2, 9, 7]]",54.88257440631339,"[1, 5, 2, 1, 2, 2, 1, 2, 10]",6,0.896+((((x[0]-33.941))+((x[0]-33.941)))*((_sig_(0.782*(x[0]-22.42))))),"{'generation': 0, 'evals': 1, 'test_error': 0.0}"
403,"[[0], [0, 1, 0, 1, 0, 0, 0, 4, 1, 0, 3, 0, 0, 0, 0, 1, 4, 3, 2, 2, 2, 0, 2, 4, 0, 2, 4], [3, 3, 1, 3, 1, 0, 3, 2, 2, 1, 2, 0], [0, 1, 3, 0], [0, 0, 0, 0, 0, 0], [0, 0, 0, 0], [0, 0, 0, 0, 0, 0, 0, 0], [0, 0, 0, 0], [0, 5, 7, 9, 6, 2, 7, 1, 5, 1, 4, 7, 4, 5, 1, 8, 6, 5, 5, 6, 8, 7, 6, 9, 3, 2, 5, 0, 6, 4, 3, 1, 0, 9, 3, 5, 7, 8]]",55.00404652622302,"[1, 27, 12, 4, 6, 4, 8, 2, 38]",16,0.057+(((_exp_(((_exp_((x[0]-96.27)|_div_|15.14)))|_div_|(((((x[0]-33.941))|_div_|((_sig_(0.745*(x[0]-18.65)))))-((x[0])|_div_|((((((_exp_((x[0]-33.941))))-(x[0]))+(56.87))|_div_|(69.32))*(50.64))))*((31.09)-((x[0]-33.941)))))))*((35.78)+((x[0]-33.941)))),"{'generation': 0, 'evals': 1, 'test_error': 0.0}"
404,"[[0], [0, 1, 0, 4, 3, 0], [3, 3, 1, 1], [3, 3, 1], [0, 0], [0, 0], [0, 0, 0], [0, 0, 0, 0], [0, 9, 0, 2, 6, 2, 2, 3, 6, 1, 1, 5, 9, 6, 6, 1, 3, 9]]",57.32790641540188,"[1, 5, 2, 1, 2, 1, 1, 2, 10]",6,0.090+(((_sig_(0.262*(x[0]-23.61))))|_div_|(((x[0]-33.941))|_div_|(x[0]))),"{'generation': 0, 'evals': 1, 'test_error': 0.0}"
405,"[[0], [2, 1, 1, 1, 1, 0], [3, 2, 2], [3, 2, 2], [0, 0], [0, 0], [0, 0, 0, 0, 0], [0, 0, 0, 0], [0, 2, 0, 5, 7, 8, 6, 1, 2, 2, 0, 1, 5, 6, 0, 2, 9, 0, 4, 5, 9, 8, 8, 4, 0, 0]]",57.831183629514975,"[1, 1, 0, 0, 0, 0, 1, 1, 7]",4,0.020+(57.86),"{'generation': 0, 'evals': 1, 'test_error': 0.0}"
406,"[[0], [0, 3, 4, 1, 4, 0], [3, 2, 1, 1], [3, 1, 1], [0, 0], [0, 0], [0, 0, 0], [0, 0, 0, 0], [0, 3, 0, 2, 5, 7, 2, 3, 6, 1, 6, 5, 9, 9, 6, 1, 7, 9]]",61.09055218918736,"[1, 3, 1, 0, 2, 1, 0, 1, 3]",4,0.030+((x[0])|_div_|((x[0]-33.941))),"{'generation': 0, 'evals': 1, 'test_error': 0.0}"
407,"[[0], [0, 1, 2, 1, 4, 0], [1, 2, 2], [3, 0], [0, 0], [0, 0], [0, 0, 0], [0, 0, 0, 0], [7, 2, 2, 7, 7, 5, 5, 1, 2, 7, 6, 2, 4, 8, 1, 6, 2, 0]]",61.372933138227474,"[1, 3, 1, 1, 0, 0, 2, 2, 14]",6,0.722+(((_sig_(0.775*(x[0]-51.27))))-(62.48)),"{'generation': 0, 'evals': 1, 'test_error': 0.0}"
408,"[[0], [0, 4, 4, 1, 1, 0, 1, 4, 2], [0, 2, 2, 3, 3], [3, 2, 3, 1, 1], [0, 0], [0, 0], [0, 0, 0, 0], [0, 0, 0], [0, 4, 6, 1, 3, 9, 6, 1, 4, 5, 5, 1, 9, 2, 6, 3, 3, 7, 0, 3, 6, 5, 3, 2, 3, 6]]",64.22200608737141,"[1, 3, 1, 0, 2, 2, 0, 1, 3]",4,0.046+(((x[0]-33.941))+((x[0]-33.941))),"{'generation': 0, 'evals': 1, 'test_error': 0.0}"
409,"[[0], [0, 0, 0, 2, 2, 4, 2, 0, 0, 3, 0, 0, 1, 0, 3, 0, 2, 3], [1, 1, 1, 3, 3, 0, 2, 3], [1, 1], [0, 0, 0, 0, 0, 0], [0, 0], [0, 0, 0], [0, 0, 0], [9, 7, 5, 4, 8, 7, 1, 0, 3, 6, 5, 9, 2, 7, 7, 3, 3, 6]]",64.30149131970565,"[1, 7, 3, 0, 1, 1, 3, 1, 15]",7,0.975+((((48.71)-(03.65))-((x[0]-33.941)))-(92.77)),"{'generation': 0, 'evals': 1, 'test_error': 0.0}"
410,"[[0], [0, 1, 0, 1, 2, 0], [2, 1, 1, 1], [3, 1], [0, 0], [0, 0], [0, 0, 0, 0], [0, 0, 0], [0, 2, 0, 2, 4, 6, 2, 1, 2, 4, 7, 1, 9, 9, 6, 8, 8, 7, 7, 7, 3, 0]]",64.95407949634222,"[1, 5, 2, 2, 0, 0, 4, 2, 22]",7,0.020+(((_sig_(0.246*(x[0]-21.24))))*(((_exp_((x[0]-71.99)|_div_|68.87)))-(77.30))),"{'generation': 0, 'evals': 1, 'test_error': 0.0}"
411,"[[0], [0, 1, 2, 1, 1, 0], [2, 2, 1, 1], [3, 0], [0, 0, 0, 0, 0], [0, 0], [0, 0, 0, 0], [0, 0, 0, 0], [6, 0, 0, 4, 5, 2, 1, 1, 2, 6, 7, 1, 7, 9, 7, 2, 9, 5, 7, 5, 6, 2, 4, 0, 2, 9, 7, 7, 4, 2, 2, 0]]",65.4034776464959,"[1, 3, 1, 1, 0, 0, 2, 2, 14]",6,0.600+(((_sig_(0.452*(x[0]-11.26))))*(71.79)),"{'generation': 0, 'evals': 1, 'test_error': 0.0}"
412,"[[0], [0, 1, 2, 1, 3, 0], [0, 2, 2, 3, 3], [3, 1], [0, 0], [0, 0], [0, 0, 0, 0], [0, 0, 0], [0, 6, 0, 2, 1, 3, 2, 1, 0, 6, 6, 5, 6, 0, 7, 2, 6, 5, 7, 5, 6, 2, 4, 0, 2, 9, 7, 7, 4, 2, 2, 0]]",66.36777735934741,"[1, 3, 1, 1, 0, 0, 2, 2, 14]",6,0.060+(((_sig_(0.213*(x[0]-21.06))))+(65.60)),"{'generation': 0, 'evals': 1, 'test_error': 0.0}"
413,"[[0], [0, 1, 2, 3, 1, 4, 0, 1, 0, 3, 0, 0, 3, 0, 3, 4, 3, 3], [1, 1, 1, 1], [3, 1], [0, 0], [0, 0], [0, 0, 0, 0], [0, 0, 0, 0], [0, 2, 1, 2, 5, 2, 6, 0, 2, 6, 7, 1, 8, 3, 7, 1, 8, 5, 7, 5, 6, 2, 4, 0, 2, 9, 7, 7, 4, 2, 2, 0]]",71.52303920018721,"[1, 3, 1, 1, 0, 0, 2, 2, 14]",6,0.021+(((_sig_(0.252*(x[0]-60.26))))-(71.83)),"{'generation': 0, 'evals': 1, 'test_error': 0.0}"
414,"[[0], [0, 2, 0, 1, 4, 0], [1, 1, 1, 1], [3, 2, 1], [0, 0], [0, 0], [0, 0, 0], [0, 0, 0], [0, 3, 0, 5, 7, 1, 2, 1, 5, 1, 7, 3, 0, 9, 8, 6, 8, 2]]",73.25621184945783,"[1, 5, 2, 1, 1, 1, 2, 2, 14]",7,0.030+((57.12)-(((_sig_(0.151*(x[0]-73.09))))-((x[0]-33.941)))),"{'generation': 0, 'evals': 1, 'test_error': 0.0}"
415,"[[0], [2, 3, 3, 1, 2, 0], [3, 2, 2, 3, 3], [3, 1], [0, 0], [0, 0], [0, 0, 0, 0], [0, 0, 0], [6, 3, 4, 7, 2, 7, 1, 6, 2, 7, 0, 7, 2, 4, 9, 7, 9, 4]]",73.29518252563948,"[1, 1, 0, 0, 0, 0, 1, 1, 7]",4,0.634+(72.71),"{'generation': 0, 'evals': 1, 'test_error': 0.0}"
416,"[[0], [2, 1, 3, 2, 3, 0], [3, 2, 1, 1], [3, 1], [0, 0], [0, 0], [0, 0, 0, 0], [0, 0, 0], [0, 2, 2, 7, 3, 6, 2, 1, 8, 1, 7, 6, 4, 0, 8, 5, 5, 6]]",73.59318250892325,"[1, 1, 0, 0, 0, 0, 1, 1, 7]",4,0.022+(73.62),"{'generation': 0, 'evals': 1, 'test_error': 0.0}"
417,"[[0], [2, 1, 2, 1, 3, 0], [3, 3, 2, 3, 3], [1, 2], [0, 0], [0, 0], [0, 0, 0, 0], [0, 0, 0], [8, 2, 0, 7, 3, 5, 1, 5, 8, 3, 4, 3, 3, 1, 6, 7, 8, 2]]",74.28118247084228,"[1, 1, 0, 0, 0, 0, 1, 1, 7]",4,0.820+(73.51),"{'generation': 0, 'evals': 1, 'test_error': 0.0}"
418,"[[0], [2, 1, 0, 1, 3, 0], [3, 2, 2], [0, 1], [0, 0], [0, 0], [0, 0, 0], [0, 0, 0], [0, 3, 0, 7, 4, 7, 1, 9, 6, 9, 8, 7, 5, 5, 8, 7, 7, 4]]",74.6911824484823,"[1, 1, 0, 0, 0, 0, 1, 1, 7]",4,0.030+(74.71),"{'generation': 0, 'evals': 1, 'test_error': 0.0}"
419,"[[0], [0, 1, 2, 1, 3, 0], [1, 0, 1, 1], [3, 3, 1], [0, 0], [0, 0], [0, 0, 0], [0, 0, 0, 0], [0, 6, 9, 9, 1, 4, 8, 1, 2, 9, 7, 6, 6, 6, 6, 5, 7, 8]]",76.53300717725212,"[1, 3, 1, 1, 0, 0, 2, 2, 14]",6,0.069+(((_sig_(0.914*(x[0]-81.29))))-(76.66)),"{'generation': 0, 'evals': 1, 'test_error': 0.0}"
420,"[[0], [2, 1, 0, 3, 3, 0], [3, 2, 2], [3, 2, 1], [0, 0, 0], [0, 0], [0, 0, 0], [0, 0, 0], [9, 1, 6, 7, 7, 9, 3, 1, 6, 4, 3, 8, 2, 7, 7, 4, 5, 8]]",78.79718223738888,"[1, 1, 0, 0, 0, 0, 1, 1, 7]",4,0.916+(77.93),"{'generation': 0, 'evals': 1, 'test_error': 0.0}"
421,"[[0], [0, 4, 0, 1, 3, 0], [0, 2, 1, 1], [3, 1, 1], [0, 0], [0, 0], [0, 0, 0], [0, 0, 0], [5, 0, 0, 2, 2, 7, 2, 6, 2, 6, 7, 4, 4, 0, 0, 0, 0, 1, 6, 8, 7, 9, 5, 6, 9, 9]]",80.51932573910625,"[1, 5, 2, 1, 2, 1, 1, 2, 10]",7,0.500+(((x[0]-33.941))+(((_sig_(0.227*(x[0]-26.26))))*(x[0]))),"{'generation': 0, 'evals': 1, 'test_error': 0.0}"
422,"[[0], [2, 1, 2, 1, 3, 0, 1, 2], [3, 2, 2, 3, 3], [3, 0, 1], [0, 0, 0], [0, 0], [0, 0, 0], [0, 0, 0], [0, 3, 0, 8, 2, 2, 1, 7, 1, 2, 5, 1, 2, 0, 5, 3, 3, 4]]",82.19118207882228,"[1, 1, 0, 0, 0, 0, 1, 1, 7]",4,0.030+(82.21),"{'generation': 0, 'evals': 1, 'test_error': 0.0}"
423,"[[0], [2, 1, 4, 1, 3, 1], [3, 2, 2, 3, 3], [3, 2], [0, 0], [0, 0], [0, 0, 0], [0, 0, 0], [6, 0, 3, 9, 0, 1, 8, 2, 1, 1, 8, 9, 4, 8, 7, 3, 2, 5]]",90.73418173220517,"[1, 1, 0, 0, 0, 0, 1, 1, 7]",4,0.603+(90.18),"{'generation': 0, 'evals': 1, 'test_error': 0.0}"
424,"[[0], [0, 0, 0, 3, 4, 0, 3, 1, 4], [3, 1, 1, 1], [2, 1], [0, 0, 0, 0], [0, 0], [0, 0, 0], [0, 0, 0, 0], [0, 1, 4, 4, 8, 4, 6, 4, 8, 3, 0, 8, 6, 6, 6, 4, 2, 8]]",97.32006742029603,"[1, 9, 4, 1, 4, 2, 2, 1, 11]",8,0.014+((((x[0])|_div_|((x[0]-33.941)))-((x[0])-((_exp_((x[0]-48.46)|_div_|48.30)))))-((x[0]-33.941))),"{'generation': 0, 'evals': 1, 'test_error': 0.0}"
425,"[[0], [0, 3, 0, 1, 3, 0], [0, 0, 1, 1], [3, 1], [0, 0], [0, 0], [0, 0, 0], [0, 0, 0, 0], [0, 2, 4, 4, 0, 7, 2, 1, 4, 4, 9, 5, 9, 7, 7, 0, 8, 4, 7, 5, 6, 2, 4, 0, 2, 9, 7, 7, 4, 2, 2, 0]]",107.50773925551903,"[1, 5, 2, 1, 2, 0, 1, 2, 10]",7,0.024+((x[0])+(((_sig_(0.407*(x[0]-21.44))))+(x[0]))),"{'generation': 0, 'evals': 1, 'test_error': 0.0}"
426,"[[0], [0, 1, 0, 1, 3, 0], [2, 2, 1, 1], [3, 1], [0, 0], [0, 0], [0, 0, 0], [0, 0, 0, 0], [0, 2, 3, 2, 6, 4, 2, 1, 0, 2, 2, 5, 1, 4, 7, 0, 6, 5, 7, 5, 6, 2, 4, 0, 2, 9, 7, 7, 4, 2, 2, 0]]",108.05737180215692,"[1, 5, 2, 2, 1, 0, 3, 2, 18]",7,0.023+(((_sig_(0.264*(x[0]-21.02))))*(((_exp_((x[0]-25.14)|_div_|70.65)))*(x[0]))),"{'generation': 0, 'evals': 1, 'test_error': 0.0}"
427,"[[0], [0, 3, 1, 1, 3, 0], [2, 2, 2, 3, 3, 2, 2, 3], [2, 1, 1], [0, 0], [0, 0], [0, 0, 0, 0], [0, 0, 0, 0], [7, 2, 0, 1, 3, 4, 2, 7, 2, 4, 7, 9, 4, 5, 6, 8, 4, 7, 3]]",125.40826715805086,"[1, 3, 1, 1, 1, 0, 2, 1, 11]",6,0.720+((x[0])*((_exp_((x[0]-13.42)|_div_|72.47)))),"{'generation': 0, 'evals': 1, 'test_error': 0.0}"
428,"[[0], [0, 1, 0, 1, 3, 0], [1, 2, 1, 1], [3, 1], [0, 0], [0, 0], [0, 0, 0], [0, 0, 0], [9, 2, 6, 2, 3, 6, 2, 1, 3, 0, 2, 3, 7, 8, 5, 8, 3, 7]]",129.34764987018673,"[1, 5, 2, 2, 1, 0, 3, 2, 18]",7,0.926+(((_sig_(0.236*(x[0]-21.30))))-(((_exp_((x[0]-23.78)|_div_|58.37)))*(x[0]))),"{'generation': 0, 'evals': 1, 'test_error': 0.0}"
429,"[[0], [0, 3, 0, 0, 4, 4, 0, 1, 0, 3, 0, 0, 3, 0, 3, 4, 3, 3], [3, 2, 2, 3, 1, 2, 0, 3], [3, 2], [0, 0, 0, 0, 0, 0, 0, 0], [0, 0, 0], [0, 0, 0], [0, 0, 0, 0], [0, 4, 4, 1, 9, 9, 1, 9, 2, 0, 0, 7, 2, 4, 9, 7, 9, 4]]",136.35609859716902,"[1, 17, 8, 1, 8, 3, 1, 2, 10]",10,0.044+((x[0])|_div_|((((x[0]-33.941))*((x[0]-33.941)))*(((_sig_(0.199*(x[0]-19.20))))|_div_|((x[0])-(((x[0])*((x[0])+((x[0]-33.941))))|_div_|(x[0])))))),"{'generation': 0, 'evals': 1, 'test_error': 0.0}"
430,"[[0], [0, 0, 1, 4, 0, 0, 0, 0, 0, 2, 2, 0, 4, 2, 4, 4, 1], [1, 0, 1, 1, 1, 3, 0, 0], [3, 1], [0, 0, 0, 0], [0, 0, 0, 0], [0, 0, 0, 0, 0, 0], [0, 0, 0], [0, 7, 6, 2, 3, 5, 2, 1, 3, 0, 6, 3, 7, 9, 5, 8, 3, 7, 7, 5, 9, 3, 9, 1, 9, 5, 5, 9, 2, 4]]",146.20510670130375,"[1, 17, 8, 2, 4, 4, 6, 2, 30]",10,0.076+((((_sig_(0.235*(x[0]-21.30))))-((x[0]-33.941)))+((((((63.79)-(58.37))-(((x[0]-33.941))-(75.93)))|_div_|((x[0]-33.941)))+((x[0]-33.941)))+((_exp_((x[0]-91.95)|_div_|59.24))))),"{'generation': 0, 'evals': 1, 'test_error': 0.0}"
431,"[[0], [0, 4, 0, 0, 1, 2, 4], [3, 0, 1, 1], [2, 2, 1], [0, 0], [0, 0], [0, 0, 0], [0, 0, 0], [0, 3, 0, 2, 9, 8, 9, 8, 9, 3, 7, 4, 9, 4, 6, 1, 7, 9]]",149.81027847428595,"[1, 7, 3, 1, 2, 2, 3, 1, 15]",8,0.030+(((x[0]-33.941))|_div_|((((_exp_((x[0]-29.89)|_div_|89.37)))+(49.46))-((x[0]-33.941)))),"{'generation': 0, 'evals': 1, 'test_error': 0.0}"
432,"[[0], [0, 0, 0, 1, 0, 3, 4, 1, 0, 3, 0, 0, 0, 0, 3, 4, 3, 3, 0, 2, 2], [1, 2, 2, 3, 3, 3, 2, 3, 1, 3], [3, 1, 3], [0, 0, 0, 0, 0, 0, 0], [0, 0], [0, 0, 0, 0, 0], [0, 0, 0, 0], [0, 7, 6, 2, 5, 4, 6, 1, 6, 5, 2, 4, 5, 7, 3, 5, 2, 8, 4, 2, 9, 4, 6, 9, 6, 9]]",159.37536186453968,"[1, 21, 10, 2, 7, 2, 5, 2, 26]",9,0.076+(((((_sig_(0.254*(x[0]-61.65))))-((x[0])*((x[0]-33.941))))*((_exp_((x[0]-24.57)|_div_|35.28))))|_div_|((x[0])|_div_|(((((x[0])|_div_|((x[0]-33.941)))*(x[0]))|_div_|(x[0]))-((42.94)|_div_|(69.69))))),"{'generation': 0, 'evals': 1, 'test_error': 0.0}"
433,"[[0], [1, 2, 4, 1, 3, 0, 1, 2], [3, 2, 2, 3, 3, 2, 2, 3], [0, 0, 1], [0, 0, 0], [0, 0], [0, 0, 0], [0, 0, 0], [0, 1, 0, 0, 5, 1, 8, 3, 7, 8, 1, 1, 2, 6, 5, 3, 3, 4]]",177.64399109408447,"[1, 2, 0, 1, 0, 0, 1, 1, 7]",6,0.010+((_exp_(05.18))),"{'generation': 0, 'evals': 1, 'test_error': 0.0}"
434,"[[0], [0, 4, 0, 0, 1, 4, 0, 1, 0, 3, 0, 0, 3, 0, 3, 4, 3, 3], [3, 2, 2, 3, 3, 2, 2, 3], [3, 1], [0, 0, 0, 0, 0, 0, 0], [0, 0, 0], [0, 0, 0], [0, 0, 0], [0, 3, 0, 2, 3, 2, 2, 3, 3, 0, 6, 5, 2, 9, 6, 1, 7, 9]]",227.84121673930278,"[1, 17, 8, 2, 7, 3, 3, 2, 18]",10,0.030+(((x[0]-33.941))|_div_|((((_sig_(0.232*(x[0]-23.30))))*((x[0]-33.941)))*(((_exp_((x[0]-65.29)|_div_|61.79)))|_div_|((x[0])|_div_|(((x[0])*((x[0])*((x[0]-33.941))))|_div_|(x[0])))))),"{'generation': 0, 'evals': 1, 'test_error': 0.0}"
435,"[[0], [0, 1, 0, 2, 0, 0, 0, 0, 3, 2, 4, 1, 1], [2, 1, 1, 1, 2, 1], [3, 2, 3], [0, 0], [0, 0], [0, 0, 0, 0, 0, 0], [0, 0, 0, 0], [1, 8, 0, 2, 6, 9, 2, 4, 7, 3, 7, 6, 7, 1, 0, 9, 0, 1, 0, 2, 1, 5, 2, 6, 8, 7, 3, 9, 5, 5, 8, 7, 6]]",244.51755552859632,"[1, 13, 6, 3, 2, 1, 6, 3, 33]",10,0.180+(((_sig_(0.269*(x[0]-24.73))))*((76.71)-(((((x[0])-(09.01))-((x[0]-33.941)))*((_exp_((x[0]-02.15)|_div_|26.87))))-((_sig_(0.395*(x[0]-58.76))))))),"{'generation': 0, 'evals': 1, 'test_error': 0.0}"
436,"[[0], [0, 2, 0, 1, 3, 0, 1, 2], [2, 2, 2, 3, 3, 2, 2, 3], [3, 0, 1], [0, 0, 0], [0, 0], [0, 0, 0], [0, 0, 0, 0], [7, 3, 0, 0, 5, 6, 8, 3, 7, 6, 1, 1, 2, 6, 5, 3, 3, 4]]",302.417189214868,"[1, 5, 2, 1, 1, 0, 2, 2, 14]",7,0.730+((05.68)*(((_sig_(0.376*(x[0]-11.26))))*(x[0]))),"{'generation': 0, 'evals': 1, 'test_error': 0.0}"
437,"[[0], [0, 0, 1, 1, 3, 1], [3, 2, 2], [1, 1], [0, 0, 0], [0, 0], [0, 0, 0, 0], [0, 0, 0], [2, 0, 6, 5, 5, 1, 8, 1, 6, 8, 2, 9, 1, 8, 7, 5, 3, 8, 1]]",311.74200816667064,"[1, 5, 2, 2, 1, 0, 4, 1, 19]",7,0.206+((((_exp_((x[0]-55.18)|_div_|16.82)))|_div_|((_exp_((x[0]-91.87)|_div_|53.81))))*(x[0])),"{'generation': 0, 'evals': 1, 'test_error': 0.0}"
438,"[[0], [0, 2, 0, 1, 3, 0], [0, 2, 1, 1], [1, 2, 3, 1, 1], [0, 0], [0, 0], [0, 0, 0], [0, 0, 0, 0], [1, 2, 0, 7, 2, 3, 3, 1, 8, 5, 7, 3, 2, 2, 6, 0, 6, 2]]",403.13011196859145,"[1, 5, 2, 1, 1, 0, 3, 1, 15]",7,0.120+((72.33)+(((_exp_((x[0]-18.57)|_div_|32.26)))*(x[0]))),"{'generation': 0, 'evals': 1, 'test_error': 0.0}"
439,"[[0], [0, 1, 0, 1, 3, 0], [3, 3, 1, 1], [1, 2, 1], [0, 0], [0, 0], [0, 0, 0, 0], [0, 0, 0, 0], [9, 8, 8, 2, 4, 7, 8, 1, 8, 5, 7, 6, 4, 1, 8, 1, 5, 6, 9]]",440.04298797055793,"[1, 5, 2, 2, 1, 0, 4, 1, 19]",7,0.988+(((_exp_((x[0]-24.78)|_div_|18.57)))|_div_|(((_exp_((x[0]-64.18)|_div_|15.69)))|_div_|(x[0]))),"{'generation': 0, 'evals': 1, 'test_error': 0.0}"
440,"[[0], [0, 1, 0, 1, 4, 0], [2, 2, 2], [1, 1, 1], [0, 0], [0, 0], [0, 0, 0, 0], [0, 0, 0], [0, 2, 0, 3, 5, 3, 1, 1, 4, 2, 7, 8, 6, 3, 7, 7, 3, 8, 2]]",1339.1710349819484,"[1, 5, 2, 2, 1, 1, 4, 1, 19]",7,0.020+(((_exp_((x[0]-35.31)|_div_|14.27)))*(((_exp_((x[0]-86.37)|_div_|73.82)))*((x[0]-33.941)))),"{'generation': 0, 'evals': 1, 'test_error': 0.0}"
441,"[[0], [0, 3, 0, 4, 2, 0], [3, 3, 1, 1], [3, 3, 3, 1, 1], [0, 0, 0, 0, 0], [0, 0], [0, 0, 0, 0, 0], [0, 0, 0], [7, 7, 5, 2, 4, 4, 2, 1, 6, 2, 1, 1, 5, 2, 5, 3, 2, 4, 5, 2, 9, 4]]",1492.0748597046886,"[1, 5, 2, 0, 2, 1, 1, 1, 7]",6,0.775+((x[0])|_div_|(((x[0]-33.941))|_div_|(24.42))),"{'generation': 0, 'evals': 1, 'test_error': 0.0}"
442,"[[0], [0, 1, 0, 0, 4, 0, 4, 3, 2, 0, 4, 4], [3, 0, 1, 1, 2], [0, 2, 1], [0, 0, 0, 0, 0], [0, 0, 0, 0], [0, 0, 0, 0, 0], [0, 0, 0, 0], [0, 9, 0, 2, 7, 9, 3, 4, 5, 4, 0, 7, 4, 2, 7, 6, 8, 6, 9, 3, 2, 9, 3]]",1494.1406784047708,"[1, 12, 5, 1, 5, 4, 1, 1, 7]",9,0.090+(((_exp_((((x[0]-33.941))|_div_|(((x[0]-33.941))+(x[0])))-(27.93))))-(((x[0]-33.941))*((x[0]-33.941)))),"{'generation': 0, 'evals': 1, 'test_error': 0.0}"
443,"[[0], [0, 4, 2, 1, 3, 0], [2, 2, 2, 3, 3], [3, 3, 1], [0, 0, 0], [0, 0], [0, 0, 0], [0, 0, 0], [4, 5, 4, 5, 2, 9, 3, 0, 7, 4, 6, 0, 3, 9, 3, 8, 2, 6]]",1699.6771541415892,"[1, 3, 1, 0, 1, 1, 1, 1, 7]",5,0.454+(((x[0]-33.941))*(52.93)),"{'generation': 0, 'evals': 1, 'test_error': 0.0}"
444,"[[0], [0, 0, 0, 2, 3, 0, 2, 3, 3], [1, 2, 1, 1], [3, 2, 1], [0, 0, 0], [0, 0], [0, 0, 0], [0, 0, 0, 0], [0, 2, 2, 3, 1, 8, 3, 1, 7, 0, 8, 9, 5, 9, 7, 5, 1, 9]]",1830.4981234236527,"[1, 9, 4, 0, 3, 0, 2, 1, 11]",7,0.022+((((31.83)-(x[0]))*((17.08)-(x[0])))-(x[0])),"{'generation': 0, 'evals': 1, 'test_error': 0.0}"
445,"[[0], [0, 4, 3, 2, 3, 0], [2, 2, 1, 1], [3, 1], [0, 0], [0, 0], [0, 0, 0], [0, 0, 0], [5, 2, 4, 2, 8, 9, 2, 1, 0, 2, 7, 6, 4, 0, 8, 5, 5, 6]]",2212.893554599119,"[1, 3, 1, 0, 2, 1, 0, 1, 3]",4,0.524+(((x[0]-33.941))*(x[0])),"{'generation': 0, 'evals': 1, 'test_error': 0.0}"
446,"[[0], [0, 1, 0, 2, 3, 0], [2, 2, 1, 1], [2, 2], [0, 0, 0, 0, 0], [0, 0], [0, 0, 0], [0, 0, 0], [5, 2, 2, 3, 1, 2, 2, 5, 2, 6, 2, 1, 7, 8, 7, 0, 8, 5, 7, 5, 6, 2, 4, 0, 2, 9, 7, 7, 4, 2, 2, 0]]",2259.2509135179694,"[1, 5, 2, 1, 1, 0, 3, 1, 15]",6,0.522+(((_exp_((x[0]-31.22)|_div_|52.62)))*((17.87)*(x[0]))),"{'generation': 0, 'evals': 1, 'test_error': 0.0}"
447,"[[0], [0, 1, 0, 0, 4, 0, 0, 4, 2, 4, 2], [0, 2, 1, 1, 0], [3, 3], [0, 0, 0], [0, 0, 0], [0, 0, 0], [0, 0, 0], [0, 7, 0, 3, 5, 3, 2, 1, 9, 2, 7, 8, 6, 7, 7, 7, 3, 0]]",2503.0444083118227,"[1, 11, 5, 1, 3, 3, 3, 2, 18]",9,0.070+(((_sig_(0.353*(x[0]-21.92))))+((((x[0]-33.941))*((((x[0]-33.941))-(78.67))-((x[0]-33.941))))+(77.30))),"{'generation': 0, 'evals': 1, 'test_error': 0.0}"
448,"[[0], [0, 0, 0, 1, 1, 0, 4, 2, 1], [0, 1, 2, 1], [2, 2, 3, 1, 1], [0, 0], [0, 0], [0, 0, 0, 0, 0, 0], [0, 0, 0, 0], [0, 2, 0, 2, 3, 1, 2, 2, 8, 2, 6, 6, 7, 9, 2, 6, 0, 5, 4, 9, 1, 2, 3, 8, 8, 1, 0, 3, 5, 2]]",2925.397674038216,"[1, 9, 4, 3, 1, 1, 6, 2, 30]",8,0.020+(((((_exp_((x[0]-23.12)|_div_|28.26)))+((_exp_((x[0]-67.92)|_div_|60.54))))-(((x[0]-33.941))*(91.23)))-((_sig_(0.881*(x[0]-03.52))))),"{'generation': 0, 'evals': 1, 'test_error': 0.0}"
449,"[[0], [0, 3, 0, 2, 3, 0], [1, 2, 2], [3, 1], [0, 0], [0, 0], [0, 0, 0], [0, 0, 0, 0], [0, 2, 2, 6, 1, 0, 3, 1, 7, 0, 8, 9, 5, 9, 7, 5, 1, 9]]",3203.042118086503,"[1, 5, 2, 0, 2, 0, 1, 1, 7]",6,0.022+((x[0])-((61.03)*(x[0]))),"{'generation': 0, 'evals': 1, 'test_error': 0.0}"
450,"[[0], [0, 3, 0, 3, 3, 0], [1, 2, 1, 1], [2, 1], [0, 0, 0], [0, 0], [0, 0, 0], [0, 0, 0], [0, 3, 0, 0, 4, 7, 1, 2, 3, 3, 5, 1, 2, 7, 5, 3, 3, 4]]",3843.162723474819,"[1, 5, 2, 0, 3, 0, 0, 1, 3]",5,0.030+((x[0])-((x[0])*(x[0]))),"{'generation': 0, 'evals': 1, 'test_error': 0.0}"
451,"[[0], [0, 3, 0, 1, 3, 0], [2, 2, 2, 3, 3], [3, 1], [0, 0], [0, 0], [0, 0, 0], [0, 0, 0], [0, 2, 0, 2, 5, 4, 2, 1, 2, 4, 6, 5, 6, 6, 7, 3, 3, 8]]",3889.3150037391947,"[1, 5, 2, 1, 2, 0, 1, 2, 10]",7,0.020+((x[0])*(((_sig_(0.254*(x[0]-21.24))))*(x[0]))),"{'generation': 0, 'evals': 1, 'test_error': 0.0}"
452,"[[0], [0, 1, 0, 2, 3, 0], [0, 2, 1, 1], [3, 1], [0, 0], [0, 0], [0, 0, 0], [0, 0, 0, 0], [0, 2, 3, 4, 7, 8, 9, 1, 7, 2, 9, 9, 5, 6, 7, 4, 9, 7]]",5312.295741914714,"[1, 5, 2, 1, 1, 0, 2, 2, 14]",6,0.023+(((_sig_(0.478*(x[0]-91.72))))+((99.56)*(x[0]))),"{'generation': 0, 'evals': 1, 'test_error': 0.0}"
453,"[[0], [0, 1, 0, 1, 3, 0], [2, 2, 1, 1], [1, 1], [0, 0], [0, 0], [0, 0, 0, 0], [0, 0, 0], [4, 5, 6, 2, 2, 1, 2, 1, 2, 6, 7, 4, 4, 1, 5, 6, 1, 1, 3]]",20612.467682772876,"[1, 5, 2, 2, 1, 0, 4, 1, 19]",7,0.456+(((_exp_((x[0]-22.12)|_div_|12.67)))*(((_exp_((x[0]-44.15)|_div_|61.13)))*(x[0]))),"{'generation': 0, 'evals': 1, 'test_error': 0.0}"
454,"[[0], [0, 4, 0, 2, 3], [2, 2, 2, 3, 3], [3, 1, 1], [0, 0], [0, 0], [0, 0, 0], [0, 0, 0], [0, 2, 0, 4, 5, 9, 2, 6, 6, 0, 0, 1, 6, 6, 7, 3, 8, 6]]",101602.07693829702,"[1, 5, 2, 0, 2, 1, 1, 1, 7]",6,0.020+(((x[0]-33.941))*((45.92)*(x[0]))),"{'generation': 0, 'evals': 1, 'test_error': 0.0}"
455,"[[0], [0, 1, 0, 0, 3, 0, 4, 0, 0, 2, 2, 0, 4, 2, 2], [2, 2, 2, 2, 1, 1, 0], [3, 0, 1], [0, 0, 0], [0, 0], [0, 0, 0, 0, 0], [0, 0, 0], [7, 2, 3, 7, 7, 3, 2, 3, 7, 1, 0, 1, 5, 6, 7, 0, 9, 7, 1, 9, 1, 0, 6, 7, 0, 7]]",176585.11599299326,"[1, 15, 7, 1, 3, 2, 5, 2, 26]",10,0.723+(((_sig_(0.773*(x[0]-23.71))))*(((x[0])*(((x[0]-33.941))*(((01.56)*(70.97))-(((x[0]-33.941))-(19.10)))))+(67.07))),"{'generation': 0, 'evals': 1, 'test_error': 0.0}"
456,"[[0], [0, 2, 0, 0, 3, 1, 4, 2, 0], [3, 2, 2, 1], [3, 2, 1], [0, 0, 0, 0], [0, 0, 0], [0, 0, 0, 0], [0, 0, 0, 0], [0, 3, 8, 3, 6, 3, 2, 1, 8, 7, 7, 3, 1, 4, 4, 8, 3, 7, 9, 0, 4, 9]]",262485.56443733396,"[1, 7, 3, 1, 2, 1, 2, 2, 14]",8,0.038+((36.32)|_div_|(((x[0])*((_sig_(0.187*(x[0]-73.14)))))*((x[0]-33.941)))),"{'generation': 0, 'evals': 1, 'test_error': 0.0}"
457,"[[0], [0, 0, 2, 1, 3, 0], [3, 0, 2], [3, 2, 1], [0, 0], [0, 0], [0, 0, 0], [0, 0, 0], [0, 3, 2, 3, 7, 7, 2, 1, 7, 3, 4, 3, 5, 2, 7, 6, 6, 7]]",327355.1052695386,"[1, 5, 2, 1, 1, 0, 2, 2, 14]",7,0.032+(((37.72)|_div_|((_sig_(0.173*(x[0]-43.52)))))+(x[0])),"{'generation': 0, 'evals': 1, 'test_error': 0.0}"
458,"[[0], [0, 0, 0, 3, 0, 4, 0, 1, 0, 3, 0, 0, 3, 0, 3, 4, 3, 3, 0, 3, 2], [0, 1, 1, 1, 1, 1, 0, 2, 2, 0], [3, 1], [0, 0, 0, 0, 0, 0, 0, 0, 0], [0, 0], [0, 0, 0], [0, 0, 0, 0], [0, 2, 0, 2, 5, 2, 2, 9, 2, 6, 6, 1, 0, 9, 2, 2, 8, 5, 7, 5, 6, 2, 4, 0, 2, 9, 7, 7, 4, 2, 2, 0]]",544702.5651544939,"[1, 21, 10, 1, 9, 2, 2, 2, 14]",12,0.020+((((x[0])+(((x[0]-33.941))-(((_sig_(0.252*(x[0]-29.26))))-((x[0])-(((x[0])-((x[0])-((x[0]-33.941))))+(x[0]))))))*(x[0]))*((x[0])+(61.09))),"{'generation': 0, 'evals': 1, 'test_error': 0.0}"
459,"[[0], [0, 1, 1, 3, 3], [3, 2, 2, 3, 3, 2, 2, 3], [1, 0], [0, 0, 0, 0, 0], [0, 0], [0, 0, 0], [0, 0, 0], [0, 3, 0, 2, 3, 4, 2, 4, 0, 4, 0, 5, 2, 1, 6, 1, 1, 9]]",17604154.7952733,"[1, 4, 1, 2, 1, 0, 2, 1, 11]",6,0.030+(((_exp_((x[0]-23.42)|_div_|40.40)))|_div_|((_exp_(x[0])))),"{'generation': 0, 'evals': 1, 'test_error': 0.0}"
460,"[[0], [0, 1, 1, 1, 3, 1], [3, 2, 2], [0, 2, 0], [0, 0], [0, 0], [0, 0, 0], [0, 0, 0], [0, 2, 7, 9, 8, 3, 2, 0, 2, 4, 1, 6, 4, 2, 7, 6, 8, 1]]",51524606.079895854,"[1, 5, 1, 3, 1, 0, 2, 1, 11]",8,0.027+(((_exp_((_exp_((x[0]-98.32)|_div_|02.41)))))|_div_|((_exp_(x[0])))),"{'generation': 0, 'evals': 1, 'test_error': 0.0}"
461,"[[0], [0, 2, 0, 1, 3, 0], [3, 3, 2], [3, 2], [0, 0, 0], [0, 0], [0, 0, 0], [0, 0, 0, 0], [7, 1, 4, 2, 7, 0, 5, 1, 5, 9, 7, 9, 0, 6, 6, 2, 8, 1]]",510328139.7185508,"[1, 5, 2, 1, 1, 0, 2, 2, 14]",7,0.714+((27.05)|_div_|(((_sig_(0.159*(x[0]-79.06))))|_div_|(x[0]))),"{'generation': 0, 'evals': 1, 'test_error': 0.0}"
462,"[[0], [0, 0, 3, 1, 3, 0], [3, 2, 1, 1], [3, 1], [0, 0], [0, 0], [0, 0, 0], [0, 0, 0], [7, 2, 0, 2, 3, 4, 5, 7, 8, 4, 7, 7, 2, 9, 6, 8, 3, 7]]",3923101802.5456085,"[1, 5, 2, 1, 2, 0, 1, 2, 10]",7,0.720+(((x[0])|_div_|((_sig_(0.234*(x[0]-57.84)))))*(x[0])),"{'generation': 0, 'evals': 1, 'test_error': 0.0}"
463,"[[0], [0, 0, 4, 1, 2, 0], [3, 2, 1, 1], [3, 1, 1], [0, 0], [0, 0], [0, 0, 0], [0, 0, 0, 0], [0, 6, 0, 3, 3, 4, 2, 8, 7, 9, 7, 3, 4, 9, 6, 8, 3, 7]]",5673831380.469372,"[1, 5, 2, 1, 1, 1, 2, 2, 14]",7,0.060+((((x[0]-33.941))|_div_|((_sig_(0.334*(x[0]-28.79)))))*(73.49)),"{'generation': 0, 'evals': 1, 'test_error': 0.0}"
464,"[[0], [0, 1, 2, 1, 3, 0], [2, 2, 2], [0, 2, 3, 1, 1], [0, 0], [0, 0], [0, 0, 0, 0, 0], [0, 0, 0, 0], [1, 2, 6, 2, 3, 4, 6, 7, 1, 0, 3, 1, 2, 2, 3, 3, 3, 0]]",32840977725.79748,"[1, 4, 1, 2, 0, 0, 3, 1, 15]",7,0.126+(((_exp_(23.46)))*((_exp_((x[0]-71.03)|_div_|12.23)))),"{'generation': 0, 'evals': 1, 'test_error': 0.0}"
465,"[[0], [0, 0, 2, 1, 3, 0, 2, 1], [3, 2, 1, 1], [0, 1, 1], [0, 0], [0, 0], [0, 0, 0, 0], [0, 0, 0, 0], [0, 3, 7, 2, 1, 9, 2, 3, 6, 1, 6, 5, 9, 7, 6, 1, 7, 9, 4]]",40826535581.95486,"[1, 8, 3, 2, 1, 0, 4, 1, 19]",7,0.037+(((21.92)|_div_|((_exp_(x[0]))))*((36.16)-((_exp_((x[0]-59.76)|_div_|17.94))))),"{'generation': 0, 'evals': 1, 'test_error': 0.0}"
466,"[[0], [0, 0, 3, 1, 3, 0, 2, 3], [3, 2, 1, 1], [0, 2, 1], [0, 0, 0], [0, 0], [0, 0, 0], [0, 0, 0, 0], [2, 2, 2, 3, 6, 8, 3, 1, 0, 0, 8, 0, 5, 6, 7, 5, 1, 9]]",58449448552.61896,"[1, 8, 3, 1, 3, 0, 1, 1, 7]",7,0.222+(((x[0])|_div_|((_exp_(x[0]))))*((36.83)-(x[0]))),"{'generation': 0, 'evals': 1, 'test_error': 0.0}"
467,"[[0], [1, 1, 0, 1, 2, 0], [3, 2, 1, 1], [0, 2], [0, 0], [0, 0], [0, 0, 0], [0, 0, 0, 0], [9, 9, 2, 0, 2, 1, 8, 2, 9, 6, 7, 8, 5, 6, 0, 5, 3, 0]]",58491873610.98342,"[1, 2, 0, 2, 0, 0, 2, 1, 11]",7,0.992+((_exp_((_exp_((x[0]-02.18)|_div_|29.67))))),"{'generation': 0, 'evals': 1, 'test_error': 0.0}"
468,"[[0], [0, 0, 0, 1, 2, 0, 4, 2, 1, 3], [0, 2, 2, 3, 3, 2, 2, 3], [3, 0], [0, 0], [0, 0], [0, 0, 0], [0, 0, 0, 0], [0, 2, 6, 5, 3, 6, 7, 7, 3, 4, 6, 3, 7, 9, 0, 9, 6, 7]]",1713414487964.962,"[1, 10, 4, 2, 2, 1, 3, 2, 18]",8,0.026+(((((_sig_(0.536*(x[0]-77.34))))+(63.79))*(((x[0]-33.941))*(09.67)))|_div_|((_exp_(x[0])))),"{'generation': 0, 'evals': 1, 'test_error': 0.0}"
469,"[[0], [0, 1, 2, 4, 3, 0], [3, 2, 2], [0, 2, 1], [0, 0], [0, 0], [0, 0, 0], [0, 0, 0, 0], [6, 5, 6, 2, 8, 4, 2, 9, 2, 0, 7, 1, 6, 6, 7, 3, 3, 8]]",3954734753674.1577,"[1, 4, 1, 1, 1, 1, 1, 1, 7]",7,0.656+(((_exp_(28.42)))|_div_|((x[0]-33.941))),"{'generation': 0, 'evals': 1, 'test_error': 0.0}"
470,"[[0], [1, 2, 0, 1, 3], [3, 2, 1, 1], [0, 1, 1], [0, 0], [0, 0], [0, 0, 0], [0, 0, 0, 0], [0, 3, 0, 2, 9, 0, 9, 1, 4, 0, 7, 3, 0, 9, 6, 6, 8, 2]]",4301564888583.289,"[1, 2, 0, 1, 0, 0, 1, 1, 7]",6,0.030+((_exp_(29.09))),"{'generation': 0, 'evals': 1, 'test_error': 0.0}"
471,"[[0], [0, 0, 3, 1, 3, 0], [3, 1, 2], [3, 1], [0, 0], [0, 0], [0, 0, 0], [0, 0, 0], [7, 2, 2, 6, 6, 3, 2, 5, 1, 4, 7, 1, 4, 4, 6, 8, 9, 7]]",21493682788170.082,"[1, 5, 2, 1, 2, 0, 1, 2, 10]",7,0.722+(((x[0])|_div_|((_sig_(0.663*(x[0]-25.14)))))-(x[0])),"{'generation': 0, 'evals': 1, 'test_error': 0.0}"
472,"[[0], [0, 4, 0, 1, 3, 0], [3, 2, 2], [3, 2, 1], [0, 0], [0, 0], [0, 0, 0, 0], [0, 0, 0, 0], [0, 2, 2, 8, 7, 8, 2, 1, 7, 2, 9, 3, 5, 1, 7, 8, 1, 7]]",2335349814409673.5,"[1, 5, 2, 1, 2, 1, 1, 2, 10]",7,0.022+(((x[0]-33.941))|_div_|(((_sig_(0.878*(x[0]-21.72))))*(x[0]))),"{'generation': 0, 'evals': 1, 'test_error': 0.0}"
473,"[[0], [1, 2, 0, 3, 3, 0], [3, 2, 2], [1, 2, 1], [0, 0], [0, 0], [0, 0, 0], [0, 0, 0, 0], [4, 3, 0, 0, 0, 0, 4, 0, 2, 5, 7, 1, 5, 0, 9, 2, 5, 7]]",9149845417171866.0,"[1, 1, 0, 1, 0, 0, 2, 1, 11]",5,0.430+((_exp_((x[0]-00.04)|_div_|02.57))),"{'generation': 0, 'evals': 1, 'test_error': 0.0}"
474,"[[0], [0, 1, 0, 3, 1, 4, 0, 1, 0, 3, 0, 0, 3, 0, 3, 4, 3, 3], [3, 2, 2, 3, 3, 2, 2, 3], [3, 0], [0, 0], [0, 0], [0, 0, 0], [0, 0, 0], [7, 3, 8, 2, 4, 1, 2, 3, 5, 2, 7, 0, 9, 5, 6, 1, 1, 5]]",4.022636136064463e+16,"[1, 6, 2, 2, 2, 1, 1, 2, 10]",7,0.738+(((_sig_(0.241*(x[0]-23.52))))|_div_|((x[0])*((_exp_((x[0]-33.941)))))),"{'generation': 0, 'evals': 1, 'test_error': 0.0}"
475,"[[0], [0, 4, 1, 0, 1, 4, 0, 1, 0, 3, 0, 0, 3, 0, 3, 4, 3, 3], [3, 2, 1, 1], [3, 3], [0, 0, 0, 0, 0], [0, 0, 0], [0, 0, 0, 0], [0, 0, 0, 0], [0, 5, 3, 8, 0, 4, 2, 9, 2, 2, 3, 1, 8, 6, 7, 0, 9, 7, 6]]",8.871162023410252e+17,"[1, 3, 1, 1, 1, 1, 1, 2, 10]",6,0.053+(((x[0]-33.941))|_div_|((_sig_(0.804*(x[0]-29.22))))),"{'generation': 0, 'evals': 1, 'test_error': 0.0}"
476,"[[0], [0, 1, 0, 3, 2, 4, 0, 1, 0, 3, 0, 0, 3, 0, 3, 4, 3, 3], [1, 3, 1, 1], [0, 1, 1], [0, 0], [0, 0], [0, 0, 0], [0, 0, 0], [6, 2, 0, 5, 0, 2, 2, 7, 2, 0, 8, 4, 9, 1, 7, 4, 6, 3, 7, 5, 6, 2, 4, 0, 2, 9, 7, 7, 4, 2, 2, 0]]",6.691931416414241e+18,"[1, 6, 2, 1, 2, 1, 1, 1, 7]",8,0.620+(((_exp_((x[0])-(50.22))))|_div_|((x[0]-33.941))),"{'generation': 0, 'evals': 1, 'test_error': 0.0}"
477,"[[0], [0, 1, 0, 1, 3], [3, 2, 1, 1], [3, 3, 1], [0, 0], [0, 0], [0, 0, 0], [0, 0, 0], [0, 2, 8, 2, 6, 7, 2, 3, 9, 4, 5, 5, 4, 9, 6, 1, 7, 9]]",4.8175736050537326e+20,"[1, 5, 2, 2, 1, 0, 2, 3, 17]",7,0.028+(((_sig_(0.267*(x[0]-23.94))))|_div_|(((_sig_(0.554*(x[0]-96.17))))*(x[0]))),"{'generation': 0, 'evals': 1, 'test_error': 0.0}"
478,"[[0], [0, 3, 0, 3, 1, 0, 2, 3], [0, 2, 1, 1], [0, 1], [0, 0, 0], [0, 0], [0, 0, 0], [0, 0, 0], [0, 8, 1, 3, 4, 2, 1, 4, 1, 7, 1, 9, 9, 8, 8, 9, 0, 4]]",7.406391929038736e+23,"[1, 8, 3, 1, 3, 0, 1, 1, 7]",9,0.081+((x[0])+((x[0])*((_exp_((34.21)-(x[0])))))),"{'generation': 0, 'evals': 1, 'test_error': 0.0}"
479,"[[0], [0, 1, 0, 0, 3, 0, 0, 0, 0, 2, 0, 1, 4, 2, 1, 4, 4, 3], [3, 2, 1, 1, 1, 2, 0, 3], [0, 1, 1], [0, 0, 0, 0, 0], [0, 0, 0], [0, 0, 0, 0, 0, 0], [0, 0, 0, 0], [0, 3, 1, 2, 5, 0, 2, 0, 7, 8, 7, 4, 8, 8, 7, 2, 0, 0, 7, 6, 1, 3, 4, 1, 5, 5, 3]]",5.186261510750342e+25,"[1, 18, 8, 3, 5, 3, 6, 1, 27]",15,0.031+(((_exp_(((x[0])|_div_|(((((25.02)*(((_exp_((x[0]-07.87)|_div_|48.87)))-((x[0]-33.941))))-(20.07))-((_exp_((x[0]-61.34)|_div_|15.53))))*((x[0]-33.941))))+((x[0]-33.941)))))|_div_|(x[0])),"{'generation': 0, 'evals': 1, 'test_error': 0.0}"
480,"[[0], [0, 1, 4, 1, 3, 1], [3, 3, 1, 1], [0, 2], [0, 0], [0, 0], [0, 0, 0], [0, 0, 0], [0, 5, 1, 4, 5, 0, 2, 5, 1, 0, 4, 1, 5, 8, 1, 5, 8, 5, 7, 5, 6, 2, 4, 0, 2, 9, 7, 7, 4, 2, 2, 0]]",1.7685019751210954e+27,"[1, 4, 1, 2, 1, 1, 2, 1, 11]",6,0.051+(((_exp_((x[0]-33.941))))|_div_|((_exp_((x[0]-45.02)|_div_|51.04)))),"{'generation': 0, 'evals': 1, 'test_error': 0.0}"
481,"[[0], [0, 0, 2, 1, 1, 4, 0, 1, 0, 3, 0, 0, 3, 0, 3, 4, 3, 3], [3, 2, 2, 3, 3, 2, 2, 3], [2, 0], [0, 0, 0, 0, 0], [0, 0], [0, 0, 0], [0, 0, 0, 0], [0, 5, 3, 2, 5, 2, 2, 1, 2, 6, 7, 6, 7, 8, 7, 2, 8, 3, 7, 5, 6, 2, 4, 0, 2, 9, 7, 7, 4, 2, 2, 0]]",3.616441374418671e+28,"[1, 6, 2, 2, 1, 1, 3, 1, 15]",7,0.053+(((25.22)|_div_|((_exp_((x[0]-12.67)|_div_|67.87))))*((_exp_((x[0]-33.941))))),"{'generation': 0, 'evals': 1, 'test_error': 0.0}"
482,"[[0], [0, 1, 2, 3, 3, 0], [0, 2, 2], [0, 2, 1], [0, 0, 0], [0, 0], [0, 0, 0], [0, 0, 0], [4, 2, 6, 6, 7, 3, 8, 9, 6, 4, 3, 8, 2, 6, 7, 4, 5, 8]]",1.8313113650975418e+29,"[1, 4, 1, 1, 1, 0, 1, 1, 7]",7,0.426+(((_exp_(67.38)))+(x[0])),"{'generation': 0, 'evals': 1, 'test_error': 0.0}"
483,"[[0], [0, 4, 0, 1, 1, 0, 0, 3, 3, 4], [3, 2, 1, 1], [3, 0], [0, 0, 0, 0], [0, 0], [0, 0, 0], [0, 0, 0], [0, 2, 0, 4, 5, 9, 8, 8, 9, 7, 7, 5, 6, 6, 7, 1, 3, 8]]",3.448883416102403e+29,"[1, 10, 4, 2, 4, 2, 1, 2, 10]",9,0.020+(((x[0]-33.941))|_div_|(((_sig_(0.459*(x[0]-88.97))))*((_exp_(((x[0])-(x[0]))-((x[0]-33.941))))))),"{'generation': 0, 'evals': 1, 'test_error': 0.0}"
484,"[[0], [0, 1, 0, 3, 1, 4, 0, 1, 0, 3, 0, 0, 3, 0, 3, 4, 3, 3], [1, 2, 2, 3, 3, 2, 2, 3], [3, 0], [0, 0, 0, 0, 0], [0, 0], [0, 0, 0], [0, 0, 0], [0, 2, 3, 5, 3, 4, 2, 1, 1, 4, 9, 9, 4, 6, 6, 7, 5, 1]]",5.18813382771184e+29,"[1, 6, 2, 2, 2, 1, 1, 2, 10]",7,0.023+(((_sig_(0.534*(x[0]-21.14))))-((x[0])*((_exp_((x[0]-33.941)))))),"{'generation': 0, 'evals': 1, 'test_error': 0.0}"
485,"[[0], [0, 1, 0, 4, 1, 3, 0, 2, 0, 3, 0, 0, 3, 0, 3, 4, 3, 3], [0, 2, 1, 0, 3, 2, 1, 3], [0, 2, 1], [0, 0, 0, 0, 0, 0, 0], [0, 0, 0], [0, 0, 0, 0], [0, 0, 0, 0], [0, 9, 5, 6, 2, 2, 7, 7, 0, 5, 4, 8, 6, 5, 4, 8, 8, 5, 1, 1, 7, 9, 9, 3, 8]]",2.858622817539901e+30,"[1, 6, 2, 2, 2, 1, 2, 1, 11]",9,0.095+(((_exp_(((x[0]-33.941))+((_exp_((x[0]-62.27)|_div_|70.54))))))*(x[0])),"{'generation': 0, 'evals': 1, 'test_error': 0.0}"
486,"[[0], [0, 1, 2, 1, 3, 0], [3, 1, 2], [0, 1], [0, 0], [0, 0], [0, 0, 0], [0, 0, 0], [0, 8, 1, 6, 6, 3, 5, 5, 8, 6, 3, 1, 4, 0, 6, 8, 9, 7]]",3.64181452250399e+30,"[1, 4, 1, 2, 0, 0, 3, 1, 15]",7,0.081+(((_exp_(66.35)))|_div_|((_exp_((x[0]-58.63)|_div_|14.06)))),"{'generation': 0, 'evals': 1, 'test_error': 0.0}"
487,"[[0], [0, 0, 0, 3, 1, 4, 0, 1, 0, 3, 0, 0, 3, 0, 3, 4, 3, 3], [1, 2, 1, 1, 0, 2, 0, 1], [0, 3, 1], [0, 0, 0, 0, 0, 0, 0, 0], [0, 0], [0, 0, 0], [0, 0, 0], [1, 5, 3, 2, 9, 6, 0, 8, 5, 4, 1, 5, 9, 9, 6, 7, 9, 7]]",3.4780934420181338e+31,"[1, 18, 8, 2, 8, 2, 1, 2, 10]",10,0.153+((((x[0])-((_exp_((x[0]-33.941)))))*(((_sig_(0.296*(x[0]-08.54))))-((x[0])-(((x[0])+((x[0])*((x[0]-33.941))))+(x[0])))))-(x[0])),"{'generation': 0, 'evals': 1, 'test_error': 0.0}"
488,"[[0], [0, 0, 0, 2, 3, 0, 0, 2, 2, 1, 4], [3, 0, 1, 3, 1], [3, 2, 1], [0, 0], [0, 0], [0, 0, 0, 0], [0, 0, 0], [7, 2, 0, 2, 8, 7, 2, 7, 2, 3, 4, 1, 9, 9, 5, 7, 1, 2, 9, 0, 9, 9]]",1.1838862372537237e+35,"[1, 11, 5, 1, 2, 1, 4, 2, 22]",8,0.720+((((28.72)|_div_|(x[0]))+(((72.34)-(19.95))|_div_|((_sig_(0.712*(x[0]-90.99))))))-((x[0]-33.941))),"{'generation': 0, 'evals': 1, 'test_error': 0.0}"
489,"[[0], [0, 1, 2, 1, 3, 0], [2, 2, 2], [0, 2, 1], [0, 0], [0, 0], [0, 0, 0], [0, 0, 0], [0, 5, 3, 8, 0, 6, 0, 1, 9, 8, 9, 1, 7, 3, 7, 4, 9, 1]]",2.4303810696439577e+36,"[1, 4, 1, 2, 0, 0, 3, 1, 15]",7,0.053+(((_exp_(80.60)))*((_exp_((x[0]-19.89)|_div_|17.37)))),"{'generation': 0, 'evals': 1, 'test_error': 0.0}"
490,"[[0], [0, 1, 3, 1, 3, 0], [3, 2, 1, 1], [0, 2, 1], [0, 0], [0, 0], [0, 0, 0], [0, 0, 0], [3, 2, 0, 2, 5, 1, 2, 1, 2, 4, 6, 3, 4, 9, 4, 8, 5, 7]]",7.028995949490946e+39,"[1, 4, 1, 2, 1, 0, 2, 1, 11]",6,0.320+(((_exp_(x[0])))|_div_|((_exp_((x[0]-25.12)|_div_|12.46)))),"{'generation': 0, 'evals': 1, 'test_error': 0.0}"
491,"[[0], [0, 1, 0, 2, 1, 0, 3, 3], [1, 2, 2], [0, 1, 1], [0, 0], [0, 0], [0, 0, 0], [0, 0, 0], [1, 9, 3, 9, 0, 5, 3, 1, 0, 1, 1, 1, 7, 6, 7, 0, 2, 6]]",1.2263280639639685e+41,"[1, 8, 3, 2, 2, 0, 3, 1, 15]",9,0.193+(((_exp_((90.53)-((_exp_((x[0]-10.11)|_div_|17.67))))))*((x[0])*(x[0]))),"{'generation': 0, 'evals': 1, 'test_error': 0.0}"
492,"[[0], [0, 1, 0, 1, 3, 0, 2, 1, 2], [2, 1, 1, 1], [3, 0, 0], [0, 0, 0], [0, 0], [0, 0, 0], [0, 0, 0], [7, 1, 4, 2, 4, 5, 9, 1, 2, 9, 7, 0, 0, 6, 6, 8, 8, 1]]",2.549940178623967e+42,"[1, 9, 3, 3, 1, 0, 3, 2, 18]",9,0.714+(((_sig_(0.245*(x[0]-91.29))))*(((_exp_(x[0])))-((70.06)-((_exp_(68.81)))))),"{'generation': 0, 'evals': 1, 'test_error': 0.0}"
493,"[[0], [0, 1, 3, 1, 0, 0], [1, 2, 1, 1], [0, 3], [0, 0], [0, 0], [0, 0, 0], [0, 0, 0], [0, 3, 0, 6, 3, 4, 2, 1, 0, 4, 7, 7, 6, 6, 7, 8, 9, 7]]",2.854533899799755e+42,"[1, 4, 1, 2, 1, 0, 1, 2, 10]",6,0.030+(((_exp_(x[0])))-((_sig_(0.634*(x[0]-21.04))))),"{'generation': 0, 'evals': 1, 'test_error': 0.0}"
494,"[[0], [0, 1, 3, 1, 4], [0, 0, 2, 3, 3, 2, 2, 3], [0, 1, 3, 1, 1], [0, 0], [0, 0], [0, 0, 0, 0], [0, 0, 0], [0, 3, 0, 3, 6, 5, 3, 2, 5, 3, 7, 8, 6, 3, 5, 1, 7, 9, 2]]",2.854533899799755e+42,"[1, 4, 1, 2, 1, 0, 2, 1, 11]",6,0.030+(((_exp_(x[0])))+((_exp_((x[0]-36.53)|_div_|25.37)))),"{'generation': 0, 'evals': 1, 'test_error': 0.0}"
495,"[[0], [0, 1, 0, 1, 0, 0, 1, 1, 0, 2, 4, 0, 0, 3, 4, 3], [0, 2, 2, 0, 2, 2, 2], [0, 2, 1, 3], [0, 0, 0, 0], [0, 0], [0, 0, 0, 0, 0, 0], [0, 0, 0], [0, 2, 3, 3, 7, 1, 2, 1, 7, 2, 7, 1, 5, 6, 7, 4, 1, 7, 4, 0, 5, 1, 8, 7, 1, 1, 6, 8, 7, 1]]",inf,"[1, 16, 7, 4, 4, 2, 6, 2, 30]",11,0.023+(((_exp_(((_exp_((x[0]-37.12)|_div_|17.27)))+((((_exp_((x[0]-15.67)|_div_|41.74)))*((_sig_(0.051*(x[0]-87.11)))))*((68.71)+((x[0]-33.941)))))))*(((x[0])*((x[0]-33.941)))*(x[0]))),"{'generation': 0, 'evals': 1, 'test_error': 0.0}"
496,"[[0], [0, 3, 0, 1, 0, 1, 1, 3], [1, 1, 1, 1], [0, 1, 3], [0, 0], [0, 0], [0, 0, 0, 0], [0, 0, 0], [0, 2, 0, 2, 3, 1, 2, 1, 2, 5, 7, 9, 5, 9, 5, 0, 1, 2]]",inf,"[1, 8, 3, 3, 2, 0, 3, 2, 18]",10,0.020+((x[0])-(((_exp_(((_exp_((x[0]-23.12)|_div_|12.57)))-((_sig_(0.959*(x[0]-50.12)))))))-(x[0]))),"{'generation': 0, 'evals': 1, 'test_error': 0.0}"
497,"[[0], [1, 1, 4, 1, 3, 0, 1, 2], [1, 2, 2, 3, 3, 2, 2, 3], [0, 0, 1], [0, 0], [0, 0], [0, 0, 0], [0, 0, 0], [5, 4, 3, 2, 8, 0, 4, 0, 8, 5, 1, 0, 3, 9, 3, 4, 2, 5]]",inf,"[1, 3, 0, 2, 1, 1, 0, 1, 3]",7,0.543+((_exp_((_exp_((x[0]-33.941)))))),"{'generation': 0, 'evals': 1, 'test_error': 0.0}"
498,"[[0], [0, 1, 0, 1, 3, 1], [3, 2, 1, 1], [0, 2, 3], [0, 0], [0, 0], [0, 0, 0], [0, 0, 0], [6, 3, 2, 2, 5, 2, 5, 0, 0, 1, 6, 4, 0, 5, 0, 1, 1, 5]]",inf,"[1, 6, 2, 3, 1, 0, 3, 2, 18]",9,0.632+(((_exp_(((_exp_((x[0]-25.25)|_div_|00.16)))|_div_|(x[0]))))*((_sig_(0.405*(x[0]-01.15))))),"{'generation': 0, 'evals': 1, 'test_error': 0.0}"
499,"[[0], [0, 1, 0, 1, 2, 0, 1, 4, 0, 1, 1, 3], [2, 2, 1, 1], [0, 0, 1, 0, 3], [0, 0], [0, 0], [0, 0, 0, 0, 0], [0, 0, 0], [8, 8, 2, 0, 1, 8, 7, 1, 9, 7, 7, 7, 0, 6, 8, 8, 3, 8, 1, 1, 3, 8, 6]]",inf,"[1, 12, 4, 5, 2, 1, 4, 2, 22]",10,0.882+(((_exp_(((_exp_(01.87)))*(((_exp_((x[0]-19.77)|_div_|70.68)))*((x[0]-33.941))))))-(((_exp_((_sig_(0.838*(x[0]-11.38))))))-(x[0]))),"{'generation': 0, 'evals': 1, 'test_error': 0.0}"
